0 1 10 2 3
0 2 10 2 3
0 3 20 1 2
0 4 30 2 3
0 5 60 2 3
0 6 90 3 4
0 7 10 3 4
0 8 20 5 7
0 9 30 7 9
0 10 80 14 18
0 11 80 18 23
0 12 80 20 25
0 13 80 23 29
0 14 80 26 33
0 15 80 25 32
0 16 80 34 43
0 17 80 37 47
0 18 80 44 55
0 19 80 50 63
0 20 80 57 72
0 21 80 56 70
0 22 80 58 73
0 23 80 59 74
0 24 80 66 83
0 25 80 67 84
0 26 80 66 83
0 27 80 65 82
0 28 80 72 90
0 29 80 83 104
0 30 80 92 115
0 31 80 91 114
0 32 80 92 115
0 33 80 103 129
0 34 80 117 147
0 35 80 121 152
0 36 80 121 152
0 37 80 122 153
0 38 80 134 168
0 39 80 155 194
0 40 80 160 200
0 41 80 172 215
0 42 80 188 235
0 43 80 235 294
0 44 80 269 337
0 45 80 283 354
0 46 80 282 353
0 47 80 278 348
0 48 80 312 390
0 49 80 361 452
0 50 80 302 378
0 51 80 302 378
0 52 80 316 395
0 53 80 342 428
0 54 80 392 490
0 55 80 417 522
0 56 80 418 523
0 57 80 374 468
0 58 80 463 579
0 59 80 537 600
0 60 80 566 600
0 61 80 567 600
0 62 80 578 600
0 63 80 672 600
0 64 80 770 600
0 65 80 834 600
0 66 80 837 600
0 67 80 847 600
0 68 80 924 600
0 69 80 1059 600
0 70 80 819 600
0 71 80 833 600
0 72 80 828 600
0 73 80 1040 600
0 74 80 1193 600
0 75 80 831 600
0 76 80 834 600
0 77 80 824 600
0 78 80 918 600
0 79 80 1067 600
0 80 80 1104 600
0 81 80 1109 600
0 82 80 1138 600
0 83 80 1287 600
0 84 80 1479 600
0 85 80 1557 600
0 86 80 1565 600
0 87 80 1588 600
0 88 80 1717 600
0 89 80 2000 600
0 90 80 2082 600
0 91 80 2093 600
0 92 80 1662 600
0 93 80 1877 600
0 94 80 2182 600
0 95 80 2326 600
0 96 80 2365 600
0 97 80 2429 600
0 98 80 2654 600
0 99 80 3085 600
0 100 80 3252 600
0 101 80 3307 600
0 102 80 3634 600
0 103 80 4610 600
0 104 80 5358 600
0 105 80 5710 600
0 106 80 5792 600
0 107 80 6071 600
0 108 80 6536 600
0 109 80 9211 600
0 110 80 9720 600
0 111 80 10810 600
0 112 80 10964 600
0 113 80 11155 600
0 114 80 11347 600
0 115 80 11424 600
0 116 80 11539 600
0 117 80 11730 600
0 118 80 13804 600
0 119 80 17057 600
0 120 80 6711 600
0 121 80 8054 600
0 122 80 9664 600
0 123 80 11597 600
0 124 80 13917 600
0 125 80 16700 600
0 126 80 20040 600
0 127 80 24048 600
0 128 80 25527 600
0 129 80 25527 600
0 130 80 102106 600
0 131 80 153159 600
0 132 80 229739 600
0 133 80 344608 600
0 134 80 516912 600
0 135 80 775368 600
0 136 80 1163052 600
0 137 80 1744578 600
0 138 80 2616867 600
0 139 80 3925301 600
0 140 0 0 0
1 1 300 0 0
1 2 900 0 0
1 3 1800 0 0
1 4 2700 0 0
1 5 3600 0 0
1 6 5100 0 0
1 7 6900 0 0
1 8 8700 0 0
1 9 0 0 0
2 1 300 0 0
2 2 900 0 0
2 3 1800 0 0
2 4 2700 0 0
2 5 3600 0 0
2 6 5100 0 0
2 7 6900 0 0
2 8 8700 0 0
2 9 0 0 0
3 1 600 0 0
3 2 1800 0 0
3 3 3600 0 0
3 4 5400 0 0
3 5 7200 0 0
3 6 10200 0 0
3 7 13800 0 0
3 8 17400 0 0
3 9 0 0 0
4 1 400 0 0
4 2 1200 0 0
4 3 2400 0 0
4 4 3600 0 0
4 5 4800 0 0
4 6 6800 0 0
4 7 9200 0 0
4 8 11600 0 0
4 9 0 0 0
5 1 100 0 0
5 2 200 0 0
5 3 300 0 0
5 4 400 0 0
5 5 500 0 0
5 6 1000 0 0
5 7 4000 0 0
5 8 9000 0 0
5 9 0 0 0
6 1 400 0 0
6 2 1200 0 0
6 3 2400 0 0
6 4 3600 0 0
6 5 4800 0 0
6 6 6800 0 0
6 7 9200 0 0
6 8 11600 0 0
6 9 0 0 0
9 1 400 0 0
9 2 1200 0 0
9 3 2400 0 0
9 4 3600 0 0
9 5 4800 0 0
9 6 6800 0 0
9 7 9200 0 0
9 8 11600 0 0
9 9 0 0 0
