31,2,316,1002,416,278
10021,2,1054856,1002,416,273
7000,2,1131,1138,223,280
2454545,2,48704,10250,1000,1293
5454545,2,49814,10250,1007,1297
545425,2,2640,10250,1008,1278
21426,2,6180,10271,129,189
21427,2,59836,10271,116,191
21449,2,59816,10271,107,178
10663,2,31256,3849,27,40
10660,2,50447,3849,28,33
10657,2,31237,3849,38,36
10661,2,50447,3850,25,33	
10664,2,31256,3850,25,40
10658,2,31247,3850,34,34
10662,2,50447,3851,27,29
10659,2,31227,3851,38,32
10665,2,31256,3851,27,37
200014,2,38250,11257,59,47
200013,2,46590,11257,56,56
200006,2,38240,11257,58,72
200007,2,38260,11257,72,59
200010,2,38230,11257,47,58
200008,2,38220,11257,37,51
225421,2,1056020,10453,82,64
5533,2,1054957,1002,303,311
10003,2,1054836,1002,307,316
52100,2,33247,3935,222,214
52101,2,33247,3935,191,310
52102,2,33246,3935,198,407	
52103,2,33244,3935,304,518
225420,2,1060020,10447,82,64
35630,2,35310,1002,382,492
24268,2,1050390,10445,67,61
548205,2,1053830,10445,82,64
24271,2,15970,10446,67,61
24273,2,1050430,10447,67,61
24272,2,1050390,10448,67,61
24270,2,1050410,10449,67,61
24274,2,1050460,10450,67,61
24265,2,1050360,10451,67,61
24267,2,1050380,10452,67,61
24266,2,1050370,10453,67,61
24269,2,1050400,10454,67,61
27641,2,56710,11041,97,46
27642,2,56720,11041,86,46
27643,2,56730,11041,108,46
200111,2,1059580,10452,82,64
7762,3,80,1002,352,445
25761,3,80,3053,202,148
65787,2,1050470,1004,57,72
5595,2,1056,5000,40,34
17400,2,54966,5000,90,95
35670,2,1063627,11223,163,157
35672,2,1063634,11223,169,174
35673,2,1063642,11223,183,163
200039,2,63566,11039,81,100
200124,2,45310,44462,354,286,1
200124,2,45310,44463,354,286,1
200124,2,45310,44461,354,286,1
20499,2,47496,1002,577,586
200002,2,51700,44460,334,193
200124,2,45310,44460,354,286
200124,2,45310,10090,354,286
20028,2,45287,1002,333,623,1
20620,1,47900,10137,337,605	
20621,1,47900,10137,669,670	
20622,1,47900,10137,584,373	
20571,2,47770,10137,568,372	
20572,2,47770,10137,658,718	
20573,2,47770,10137,284,570	
20619,1,47906,10137,83,403
20508,2,280,10137,93,403
20500,2,47500,10137,104,406
20509,1,36,10137,83,409		
20508,2,280,10137,93,403
200006,2,51854,44455,154,146,1
200028,2,51855,44455,148,142,1
200034,2,51850,44455,157,133,1
200036,2,51857,44455,146,135,1
200052,2,51852,44455,162,139,1
20029,2,45290,10088,126,116,1
200056,2,45952,10088,151,165,1
200050,2,45951,10088,179,172,1
200068,2,45950,10088,194,177,1
200016,2,45954,10088,133,144,1
200056,2,45952,10088,151,165,1
20030,2,45302,44455,155,138,1
200052,2,45951,44455,179,172,1
200056,2,45950,44455,194,177,1
200028,2,45954,44455,133,144,1
200062,2,45952,44455,151,165,1
200072,2,45953,44455,120,151,1
200052,2,45951,44456,179,172,1
200056,2,45950,44456,194,177,1
200058,2,45306,44456,123,119,1
200028,2,45954,44456,133,144,1
200062,2,45952,44456,151,165,1
200072,2,45953,44456,120,151,1
200052,2,45951,44457,179,172,1
200056,2,45950,44457,194,177,1
200058,2,45306,44457,123,119,1
200028,2,45954,44457,133,144,1
200062,2,45952,44457,151,165,1
200072,2,45953,44457,120,151,1
19634,2,1051587,10454,63,66
15702,2,24150,6000,49,69
4592,2,3850,1791,59,61
4593,2,4330,1791,59,56
4594,2,4110,1791,59,51
4595,2,4120,1791,55,55
4586,2,3930,1015,733,776
4587,2,3800,1015,683,730
4588,2,3810,1015,694,721
4589,2,3820,1015,694,735
4590,2,3830,1015,698,731
4578,2,4230,1787,48,37
4603,2,4106,1783,51,73
4568,2,3976,1784,55,55
4570,2,3994,1784,61,68
4571,2,4000,1784,61,30
4567,2,3954,1782,51,70
4580,2,4097,1782,38,38
4600,2,4097,1782,60,38
4601,2,4097,1782,38,60
4602,2,4097,1782,60,60
10850,2,36470,1011,212,196
7777,2,1055137,1004,40,73
7778,2,1055126,1004,34,58
7776,2,1055140,1004,34,46
7779,2,1055150,1004,41,44
7780,2,1055160,1004,71,44
8616,2,1055177,1004,80,69
7781,2,1055117,1004,83,57
300011,2,7690,1052,229,233
300012,2,7710,1052,191,201
300013,2,7720,1052,181,176
300014,2,7730,1052,206,179
300015,2,7740,1052,243,219
17232,2,32520,1052,207,225
4706,2,4620,1015,669,780
4711,2,4644,1818,81,66
4710,2,4640,1818,81,49
4709,2,4644,1818,75,66
4708,2,4640,1818,75,49
4707,2,4637,1818,56,55
10603,2,29210,3832,154,130
10604,2,29220,3832,162,217
10605,2,29257,3832,101,175
10615,2,29267,3832,94,175
10617,2,29267,3832,108,175
10618,2,29267,3832,101,168
10616,2,29267,3832,101,183
10613,2,29267,3831,108,175
10614,2,29267,3831,101,168
10611,2,29267,3831,94,175
10612,2,29267,3831,101,183
10600,2,29210,3831,154,130
10601,2,29220,3831,162,217
10602,2,29257,3831,101,175
10619,2,29220,3834,162,217
10607,2,29267,3830,94,175
10608,2,29267,3830,101,183
10609,2,29267,3830,108,175
10610,2,29267,3830,101,168
10586,2,29236,3827,38,53
10591,2,29240,3827,45,39
10590,2,29240,3827,39,45
10587,2,29236,3828,38,53
10592,2,29240,3828,39,45
10593,2,29240,3828,45,39
10594,2,29240,3828,51,45
10588,2,29236,3829,38,53
10596,2,29240,3829,45,39
10597,2,29240,3829,51,45
10598,2,29240,3829,45,51
10595,2,29240,3829,39,45
10589,2,29240,3826,39,45
10585,2,29236,3826,38,53
10584,2,29236,3825,38,53
10606,2,29257,3830,101,175
10583,2,29230,3830,82,166
10582,2,29220,3830,162,217
10581,2,29210,3830,154,130
1882,2,9446,1770,44,44
1883,2,9446,1771,44,37
1884,2,9446,1772,51,43
1885,2,9446,1773,51,45
1886,2,9446,1774,41,34
1887,2,9446,1775,46,40
1888,2,9446,1777,51,50
9623,2,17997,1068,50,50
9619,2,17997,3071,346,200
9620,2,17997,3071,201,76
9621,2,17997,3071,254,405
9622,2,17997,3071,61,128
9650,2,17997,3071,181,209
9651,2,17997,3071,244,256
9652,2,17997,3071,203,151
9653,2,17997,3071,146,144
19163,2,40267,3998,311,449
18950,2,39040,3995,127,131
19164,2,40277,3998,247,273
19167,2,40307,3998,291,274
19168,2,40307,3998,277,273
19169,2,40307,3998,280,272
19170,2,40307,3998,284,272
19171,2,40307,3998,268,270
19175,2,40307,3998,265,273
19186,1,230,4009,49,30
19139,2,40360,4009,43,30
200025,2,40500,4003,65,63,1
200018,2,40520,4006,65,65,1
200024,2,40540,4008,63,63,1
19183,2,40447,3998,147,317
19194,2,40337,3998,82,349
19184,2,40457,3998,146,326
19238,2,40317,3998,550,691
19160,2,40237,3998,85,356
19161,2,40247,3998,162,395
19162,2,40257,3998,142,320
19174,2,40317,3998,554,682
19176,2,40317,3998,552,685
19177,2,40317,3998,553,689
19165,2,40286,3998,573,423
19239,2,40317,3998,564,686
19172,2,40317,3998,568,683
19173,2,40317,3998,559,685
19178,2,40910,3998,538,422
200020,2,40460,4000,66,66,1
19231,2,287,4020,88,67
19504,2,43496,1002,293,184
19505,2,43506,1002,293,180
19506,2,43516,1002,293,176
19507,2,43526,1002,293,172
19452,2,43105,1002,284,161
19424,2,51484,1002,294,165
19436,2,42984,1002,289,163
19121,2,40066,3935,332,304
19122,2,40066,3935,328,421
19123,2,40066,3935,433,471
19124,2,40066,3935,480,420
19125,2,40066,3935,420,315
19004,113,33240,3935,546,517
19011,113,33240,3935,547,512
10948,2,38950,3935,378,404
10949,2,38950,3935,368,355
10950,2,38950,3935,400,364
10951,2,38950,3935,406,401
19223,2,41457,4027,152,138
7762,3,86,1002,403,311
7762,3,86,1002,307,370
4503,2,5620,1002,454,540
4623,2,3887,1801,48,51
4624,2,3896,1801,42,37
4625,2,3896,1801,64,39
4626,2,3896,1801,84,88
4627,2,3896,1801,38,76
4622,2,3870,1000,386,103
4513,2,5720,1780,119,134
4514,2,5730,1780,170,182
4515,2,5740,1780,200,229
4516,2,5750,1780,142,212
4517,2,5760,1780,108,228
4522,2,5770,1780,160,215
4523,2,5770,1780,160,219
4524,2,5770,1780,164,219
4525,2,5770,1780,164,215
4526,2,5710,1780,145,134
4506,2,5650,1779,145,134
4507,2,5660,1779,119,134
4508,2,5670,1779,170,182
4509,2,5680,1779,200,229
4510,2,5690,1779,142,212
4511,2,5700,1779,108,228
4518,2,5770,1779,160,215
4519,2,5770,1779,160,219
4520,2,5770,1779,164,219
4521,2,5770,1779,164,215
8513,2,10343,1015,720,561
8520,2,10413,1015,748,580
8551,2,10683,1015,523,321
8552,2,10683,1015,599,347
8554,2,10683,1015,538,345
8555,2,10683,1015,630,429
8551,2,10683,1015,523,321
8538,2,10593,1015,321,192
8546,2,10673,1015,356,486
8547,2,10673,1015,397,591
8548,2,10673,1015,444,582
8549,2,10673,1015,391,550
8550,2,10673,1015,447,530
8529,2,10503,1015,563,606
8530,2,10513,1015,457,495
8531,2,10523,1015,361,583
8532,2,10533,1015,441,724
8559,2,10693,1015,277,274
8558,2,10693,1015,395,651
8556,2,10693,1015,570,628
8435,2,10080,1000,685,769
8439,2,10110,1000,486,346
8438,2,10100,1000,481,341
8434,2,10070,1000,559,795
8443,2,10150,1000,359,246
8442,2,10140,1000,490,328
8440,2,10120,1000,475,331
8441,2,10130,1000,585,319
8444,2,10160,1000,345,247
8437,2,10090,1000,472,345
10016,1,236,1000,480,324
30115,2,7410,1015,468,203
3601,2,2177,1700,607,637
3623,1,2350,1700,617,639
11157,2,42580,1002,335,300
8298,2,10883,1020,211,445
10002,2,26,5000,33,43
1,32,1054740,1002,423,311
4,32,1054720,1002,413,303
8,3,80,1002,402,311
423,1,2700,1002,428,311
30161,2,8127,6000,45,73
1002,2,1816,1002,285,285
11154,2,42580,1002,293,300
11155,2,42580,1002,293,258
11156,2,42580,1002,335,258
11157,2,42580,1002,335,300
5004,2,4296,1002,305,434
4486,2,6886,1002,296,243
8292,2,10943,1011,221,395
5555677,32,30780,3071,380,266
7935,32,1054616,1002,303,404
15805,2,24906,1002,303,408
4471,2,5550,1768,523,475
4472,2,5560,1768,573,534
4473,2,5570,1768,510,529
4474,2,5580,1768,474,479
4475,2,5590,1768,380,448
4476,2,5600,1768,296,367
4477,2,5610,1768,154,114
4478,2,6850,1011,95,426
4479,2,6850,1011,95,434
4480,2,6850,1011,103,426
4481,2,6850,1011,103,434
25010,2,35930,3933,80,80
25011,2,35940,3933,64,64
25012,2,35950,3933,48,48
25014,2,35960,3933,76,83
25001,2,38427,3983,77,83
25002,2,38437,3983,63,77
25003,2,38440,3983,60,55
25004,2,38450,3983,54,63
200012,2,7610,2090,36,22,1
9952,2,19490,3081,45,51
9953,2,19490,3081,54,51
9954,2,19490,3081,64,51
9891,2,19300,3081,54,62
8278,2,4460,1011,656,698
4026320,2,310,3954,50,39
4026316,2,1314,2024,151,284
4026315,2,1314,2022,215,334
4026314,2,1310,2021,263,64
4026313,2,310,1508,99,125
4026312,2,310,2057,479,364
4026311,2,310,3868,233,392
4261,1,6056,1002,212,175
4026308,2,310,1081,196,205
4026309,2,310,1080,196,205
8270,2,4380,1011,215,360
4026310,2,310,2060,195,162
4026306,2,190,1010,88,42
4026307,2,310,6001,28,68
17126,2,1050617,10453,64,67
168052,2,310,2068,46,45
16851,2,310,1764,87,59
16849,2,30890,1002,211,399
9463,2,17160,3055,61,84
16833,2,30770,3055,66,87
9464,2,280,3055,24,90
16834,32,30780,3846,380,266
8272,2,4406,1011,227,404
9465,1,40,3055,41,91
9467,1,17,3055,82,102
9468,1,55,3055,69,110
9469,1,17170,3055,68,96
16852,32,30784,3846,282,352
16853,32,30786,3846,156,267
16854,32,30786,3846,100,175
16855,32,30780,3846,121,96
16856,32,30780,3846,212,94
16857,1,17174,3846,379,275
16858,1,17175,3846,289,361
16859,1,17170,3846,154,273
16860,1,17170,3846,96,180
16861,1,17170,3846,115,100
16862,1,17170,3846,210,100
832662,2,5030,1008,26,16
1153,2,6530,1351,488,372
1154,2,6540,1352,670,468
1155,2,6550,1353,788,545
1156,2,6560,1354,900,677
13124,2,4186,2054,387,470
13125,2,9781,2055,539,578
924,2,9230,700,40,50
925,2,9257,700,57,57
926,2,9277,700,45,57
927,2,9267,700,45,45
928,2,9287,700,57,45
930,2,9307,700,51,51
3952,2,3236,700,34,42
1,32,10,1002,289,251
3,32,30,1002,400,328
4,2,40,1002,284,266
5,32,50,1002,409,311
4482,2,7576,1011,214,231
9,1,30,1000,511,630
4483,2,7587,1011,182,241
10,1,9890,1000,486,621
4485,2,6876,1020,553,584
11,1,116,1011,202,242
4486,2,6886,1002,296,243
4487,2,6700,1020,865,540
4489,2,6726,1020,556,571
4490,2,6737,1002,261,243
4491,2,6740,1020,884,569
4492,2,6740,1020,896,580
4493,2,6740,1020,890,568
4494,2,6740,1020,860,554
4495,2,6740,1020,876,547
4500,2,6757,1011,184,282
4501,2,6767,1011,779,477
4502,2,6776,1011,924,556
42,2,380,6000,35,69
43,2,394,1002,389,504
44,3,87,1002,307,370
45,29,417,1002,215,220
47,2,1067,1002,303,426
51,16,1086,1002,330,425
150,16,1086,1002,330,481
52,16,1086,1002,330,421
53,16,1086,1002,330,417
54,16,1086,1002,330,413
55,16,1086,1002,330,409
56,16,1086,1002,330,405
57,16,1086,1002,330,401
58,16,1086,1002,322,401
59,16,1086,1002,322,405
60,16,1086,1002,322,409
61,16,1086,1002,322,413
62,16,1086,1002,322,417
63,16,1086,1002,322,421
64,16,1086,1002,322,425
65,16,1086,1002,322,429
15725,2,8040,1002,244,310
66,16,1086,1002,314,429
67,16,1086,1002,314,425
4542,2,8737,6000,28,68
68,16,1086,1002,314,421
69,16,1086,1002,314,417
70,16,1086,1002,314,413
71,16,1086,1002,314,409
72,16,1086,1002,314,405
73,16,1086,1002,314,401
74,16,1086,1002,378,429
75,16,1086,1002,378,425
76,16,1086,1002,378,421
77,16,1086,1002,378,417
78,16,1086,1002,378,413
79,16,1086,1002,378,409
80,16,1086,1002,378,405
81,16,1086,1002,378,401
15741,2,24507,1002,372,206
82,16,1086,1002,370,401
83,16,1086,1002,370,405
84,16,1086,1002,370,409
85,16,1086,1002,370,413
15745,2,24546,1002,217,432
86,16,1086,1002,370,417
87,16,1086,1002,370,421
88,16,1086,1002,370,425
89,16,1086,1002,370,429
90,16,1086,1002,362,429
4565,2,3946,1015,685,599
91,16,1086,1002,362,425
4566,2,3950,1015,732,516
92,16,1086,1002,362,421
93,16,1086,1002,362,417
94,16,1086,1002,362,413
4569,2,3986,1015,324,400
95,16,1086,1002,362,409
96,16,1086,1002,362,405
97,16,1086,1002,362,401
4572,2,4016,1000,472,578
98,16,1086,1002,378,485
4573,2,4027,1000,85,313
99,16,1086,1002,378,481
100,16,1086,1002,378,477
4575,2,4200,1015,340,404
101,16,1086,1002,378,473
4576,2,4210,1015,354,402
102,16,1086,1002,378,469
4577,2,4220,1015,362,397
103,16,1086,1002,378,465
104,16,1086,1002,378,461
4579,2,4086,1015,321,371
105,16,1086,1002,378,457
106,16,1086,1002,370,457
107,16,1086,1002,370,461
4582,2,4140,1011,788,456
108,16,1086,1002,370,465
4583,2,3910,1000,490,618
109,16,1086,1002,370,469
110,16,1086,1002,370,473
111,16,1086,1002,370,477
112,16,1086,1002,370,481
4586,2,3930,1015,733,776
112,16,1086,1036,231,218
4587,2,3800,1015,683,730
113,16,1086,1002,370,485
4588,2,3810,1015,694,721
114,16,1086,1002,362,485
4589,2,3820,1015,694,735
115,16,1086,1002,362,481
4590,2,3830,1015,698,731
116,16,1086,1002,362,477
4591,2,3840,1015,686,723
117,16,1086,1002,362,473
118,16,1086,1002,362,469
119,16,1086,1002,362,465
120,16,1086,1002,362,461
121,16,1086,1002,362,457
4596,2,4130,1011,182,280
122,16,1086,1002,330,485
9071,33,1054514,1002,372,504
9072,2,8367,1002,246,362
141,1,36,1002,305,438
4621,2,3862,1000,495,579
151,16,1086,1002,330,477
152,16,1086,1002,330,473
153,16,1086,1002,330,469
154,16,1086,1002,330,465
155,16,1086,1002,330,461
156,16,1086,1002,330,457
157,16,1086,1002,322,457
158,16,1086,1002,322,461
4633,2,3904,1015,765,602
159,16,1086,1002,322,465
160,16,1086,1002,322,469
161,16,1086,1002,322,473
174,16,1086,1002,230,217
4651,2,4056,1000,466,658
4652,2,4066,1001,310,631
186,16,1086,1002,269,218
187,16,1086,1002,269,214
188,16,1086,1002,269,210
189,16,1086,1002,269,206
190,16,1086,1002,269,202
191,16,1086,1002,269,198
192,16,1086,1002,269,194
193,16,1086,1002,269,190
194,16,1086,1002,269,186
196,16,1086,1002,269,182
197,16,1086,1002,269,178
198,16,1086,1002,237,217
199,16,1086,1002,237,213
200,16,1086,1002,237,209
201,16,1086,1002,237,205
202,16,1086,1002,237,201
203,16,1086,1002,237,197
204,16,1086,1002,237,193
205,16,1086,1002,237,189
206,16,1086,1002,237,185
207,16,1086,1002,237,181
208,16,1086,1002,237,177
209,16,1086,1002,237,173
210,16,1086,1002,262,218
211,16,1086,1002,262,214
212,16,1086,1002,262,210
213,16,1086,1002,262,206
214,16,1086,1002,262,202
215,16,1086,1002,262,198
216,16,1086,1002,262,194
217,16,1086,1002,262,190
218,16,1086,1002,262,186
219,16,1086,1002,262,182
220,16,1086,1002,262,178
221,16,1086,1002,262,174
4700,2,4030,1015,725,541
4701,2,4040,1015,701,595
4702,2,4750,1000,520,589
4705,2,4610,1015,686,547
4719,2,3730,1000,460,667
300010,2,7680,1015,715,584
7000,2,1131,1038,354,345
301,2,8180,1000,536,643
15987,2,26396,1002,303,399
9280,2,1314,1020,532,480
380,2,1054866,1002,317,318
390,2,1600,1002,332,547
400,2,1050017,10451,64,67
421,2,9210,1011,810,458
422,2,9220,1020,568,527
423,1,2706,1002,284,261
9391,2,1050070,10447,64,67
4972,2,1050027,10445,64,67
23599,2,1064130,10449,63,66
600050,2,6207,1002,412,512
600100,2,9200,1001,674,340
662,2,1054920,1002,452,291
3085,2,22340,1002,210,208
30000,2,6030,1002,331,536
101615,2,1487,1038,348,320
101617,2,1477,1038,348,329
101619,2,1467,1038,339,338
101621,2,1457,1038,331,338
101627,2,6420,1020,552,559
3216,2,1320,1011,154,238
1000,2,3331,5000,31,68
1001,2,1067,6000,39,66
1002,2,1816,1002,285,285
30101,2,7290,1020,88,387
30104,2,7310,1000,519,615
30105,2,7342,1020,441,451
5517,32,5836,1006,19,29
5518,2,5844,1006,17,33
5519,2,5850,1006,17,22
5520,2,5864,1006,21,33
9999,19,1696,1002,187,179
10000,2,1050050,10450,64,66
10001,2,1050006,10452,63,66
10002,2,26,5000,84,76
10011,3,200,1000,471,629
10012,3,210,1011,227,246
10013,1,220,1011,197,226
10014,1,230,1011,189,252
10015,1,9880,1000,486,623
10017,1,230,1013,46,22
10020,5,54776,6000,48,84
24312,2,19270,10446,80,55
243197,2,1064790,10446,82,64
10022,2,1050040,10446,61,64
30156,2,1054686,1002,340,528
10023,1,10,1015,721,541
10025,1,50,1015,751,544
10026,1,30,1015,765,542
10027,3,80,1015,716,541
10028,3,80,1020,576,542
10029,1,50,1020,560,508
10030,1,30,1020,550,542
10031,2,270,1002,410,656
10032,2,270,1002,62,255
10033,2,270,1002,440,373
10034,2,270,1011,538,772
10035,2,270,1011,734,452
10036,2,270,1011,67,423
10037,2,270,1020,824,601
10038,2,270,1020,491,731
10039,2,270,1020,106,394
10040,2,270,1000,225,205
10041,2,270,1000,793,549
10043,2,270,1001,472,366
10050,29,51596,1002,423,356
10150,29,286,1002,375,325
10350,29,286,1002,529,315
10051,29,280,1000,478,631
10052,29,287,1011,228,255
10053,29,286,1020,566,622
10056,29,280,1015,789,566
10063,2,5020,1002,419,306
5591,2,7630,1006,24,22
5592,2,7644,1006,25,33
5593,2,7650,1006,32,22
5594,2,7664,1006,29,33
5600,2,1054806,1002,429,404
5601,2,6330,1002,260,283
5603,2,6224,1006,38,34
3381,2,2410,1002,252,242
7879,2,1054910,1002,438,268
7927,2,8630,1002,435,661
101897,2,8160,1038,44,60
10030,31,7944,1020,573,588
7991,2,54450,1002,525,318
7992,2,9637,1002,368,643
7993,2,9640,1002,417,511
7994,2,9650,1002,419,523
7995,2,9660,1011,226,258
7996,2,9670,1002,523,708
7997,2,9670,1002,480,710
3664,2,2480,1011,398,29
102095,15,1467,1001,671,342
10393,2,26180,1002,183,72
10394,2,26190,1002,175,72
10395,2,26200,1002,167,72
8158,2,1054890,1002,443,268
35016,8,6686,1002,340,416
6002,32,1054546,1002,303,395
10492,2,26400,1002,181,80
10493,2,26410,1002,173,80
8266,2,4346,1011,211,312
8267,2,4357,1011,13,373
8268,2,4364,1011,790,447
8269,2,4370,1011,770,460
8271,2,4390,1011,230,254
8273,2,4410,1011,772,475
8274,2,4420,1011,761,473
8275,2,4430,1011,796,475
8277,2,4456,1011,655,703
8279,2,4472,1011,661,704
8280,2,4486,1011,636,566
8281,2,4490,1011,644,708
8282,2,2380,1011,402,55
8283,2,2380,1011,392,40
8284,2,2380,1011,376,36
8285,2,2380,1011,397,56
8286,2,2380,1011,369,41
8287,2,10903,1020,573,622
8288,2,10853,1020,636,497
8289,2,10913,1020,561,640
8290,2,10923,1020,560,670
8291,2,10931,1020,838,545
8293,2,10953,1020,366,304
8294,2,10963,1020,364,295
8295,2,10973,1020,356,315
8296,2,10863,1020,272,438
8297,2,10873,1020,265,429
8299,2,10893,1020,442,78
8300,2,10853,1020,665,498
8301,2,10803,1020,602,445
8302,2,10813,1020,624,447
8303,2,10823,1020,668,456
8304,2,10833,1020,848,540
8314,2,1050037,10448,63,66
21116,2,55050,1000,472,645
6144,2,4180,1000,469,645
8394,2,14021,1000,507,725
8396,2,14037,1012,520,526
8399,2,9568,1015,694,632
8400,2,9568,1015,703,645
8401,2,9568,1015,695,648
8425,2,10006,1000,500,652
8426,2,10010,1000,520,641
8427,2,10025,1000,519,649
8516,2,10373,1015,881,747
8428,2,10036,1000,476,647
8429,2,10040,1000,535,735
8430,2,10040,1000,534,724
8431,2,10040,1000,552,719
8445,2,10170,1000,311,481
8446,2,10180,1000,301,478
8447,2,10190,1000,311,478
8448,2,10200,1000,299,461
8449,2,23070,1000,288,464
8450,2,10220,1000,308,456
8451,2,10230,1000,968,662
8452,2,10230,1000,963,684
8453,2,10230,1000,943,663
15189,2,20130,1002,255,168
15190,2,20130,1002,240,168
8510,2,10316,1015,710,572
8511,2,10326,1015,685,594
8512,2,10336,1015,715,576
8514,2,10353,1015,907,648
8515,2,10023,1015,758,781
8517,2,10383,1015,853,575
8518,2,10393,1015,790,509
6281,2,4700,1011,92,347
8519,2,10403,1015,734,624
6282,2,4700,1011,93,341
8520,2,10413,1015,731,508
6283,2,4700,1011,80,333
8521,2,10423,1015,740,624
6284,2,4700,1011,69,338
8522,2,10433,1015,920,650
6285,2,4700,1011,79,350
8523,2,10443,1015,684,567
6286,2,4700,1011,77,357
8524,2,10450,1015,797,554
6287,2,4700,1011,102,340
8525,2,10463,1015,586,735
6288,2,4700,1011,109,351
8526,2,10473,1015,574,743
8527,2,10483,1015,579,741
6290,2,4700,1011,78,315
8528,2,10493,1015,586,730
6291,2,4700,1011,65,347
6292,2,4700,1011,56,351
6296,2,1227,1020,827,568
8533,2,10547,1015,329,470
8534,2,10553,1015,347,464
8535,2,10563,1015,352,464
8536,2,10570,1015,360,393
8537,2,10583,1015,326,390
8539,2,10603,1015,332,295
8540,2,10613,1015,343,384
8541,2,10623,1015,332,366
8542,2,10633,1015,517,317
8544,2,10653,1015,345,379
8545,2,10663,1015,347,382
8546,2,10673,1015,390,494
8548,2,10673,1015,432,576
8549,2,10673,1015,437,545
8552,2,10683,1015,599,347
8553,2,10683,1015,537,322
8555,2,10683,1015,630,429
8557,2,10693,1015,392,473
8560,2,10693,1015,517,321
8561,2,10693,1015,330,388
8562,2,10703,1015,327,295
8590,2,10986,1020,552,594
1880,2,1055186,1002,305,447
8592,2,11220,1002,448,268
15368,2,21900,1002,237,151
8713,2,12656,1002,317,324
2002,2,1757,1011,227,257
2003,2,1766,1020,566,620
2004,2,1770,1000,476,631
8715,113,10696,1002,507,382
2005,2,1780,1015,791,566
2006,2,1797,1000,80,318
4293,2,18096,1002,100,362
2071,2,3336,6000,36,85
20001,2,8210,1020,448,396
20005,2,8350,1002,230,225
4352,1,40,1020,557,559
4353,1,9900,1000,493,612
4354,1,9910,1000,494,609
4355,1,46,1015,756,562
4356,1,16,1011,168,238
4357,1,10,1020,531,512
4358,1,9920,1000,486,627
4359,1,9930,1000,493,616
4362,2,1054870,1002,323,251
4434,2,5950,1002,240,254
4437,2,5970,1011,33,398
4450,2,8736,1002,340,401
4452,2,6810,1002,249,213
4453,2,6570,1002,245,216
4454,2,6580,1038,317,270
4455,2,6590,1038,236,291
4456,2,6600,1038,194,168
4457,2,6610,1038,115,53
4458,2,6620,1038,316,378
4459,2,6630,1038,136,182
4460,2,6640,1038,38,94
4461,2,6650,1002,252,216
4462,2,6660,1038,62,59
4464,2,6837,1011,194,260
4465,2,6840,1011,200,325
4467,2,5517,1002,342,640
4468,2,5520,1020,552,601
162,16,1086,1002,322,477
163,16,1086,1002,322,481
164,16,1086,1002,322,485
165,16,1086,1002,314,485
166,16,1086,1002,314,481
167,16,1086,1002,314,477
168,16,1086,1002,314,473
169,16,1086,1002,314,469
170,16,1086,1002,314,465
171,16,1086,1002,314,461
172,16,1086,1002,314,457
173,16,1086,1002,205,127
175,16,1086,1002,230,213
3623,2,2350,1700,617,639
176,16,1086,1002,230,209
177,16,1086,1002,230,205
178,16,1086,1002,230,201
179,16,1086,1002,230,197
180,16,1086,1002,230,193
181,16,1086,1002,230,189
182,16,1086,1002,230,185
183,16,1086,1002,230,181
184,16,1086,1002,230,177
185,16,1086,1002,230,173
4261,1,6056,601,54,46
3836,2,3016,601,57,54
3834,2,9337,601,76,52
3835,2,9337,601,76,47
3839,2,9337,601,80,47
3838,2,9337,601,80,52
3930,2,9327,601,80,69
3832,2,9327,601,76,63
3831,2,9327,601,76,69
3833,2,9327,601,80,75
3931,2,9327,601,80,63
3830,2,9327,601,76,75
10002,2,26,1002,284,276
1,32,10,1002,287,251
20005,2,8350,1002,230,225
4,32,40,1002,284,266
423,1,2706,1002,284,261
30161,2,8120,1002,281,270
10580,2,29206,1002,466,400
43,2,394,1002,385,259
1002,2,1816,1002,285,285
7991,2,9620,1002,384,251
10050,29,280,1002,307,340
10050,29,280,1002,529,313
4434,2,5950,1002,240,254
5673,2,5060,1002,270,223
10250,2,5020,1002,296,250
4452,2,6810,1002,249,213
4453,2,6570,1002,245,216
4461,2,6650,1002,252,216
8713,2,19146,1002,222,240
10223,2,1060,1002,269,226
4486,2,6884,1002,440,343
104488,2,6716,1002,262,247
380,2,1156,1002,222,237
4490,2,54342,1002,473,331
10391,2,26166,1002,285,370
4505,2,54366,1002,440,334
16050,2,26576,9972,57,53
16051,2,26586,9972,50,61
16052,2,26596,9972,50,57
16053,2,26606,9972,50,53
16054,2,26616,9972,50,49
16055,2,26626,9972,50,45
7832,2,8170,1000,620,467
7833,2,8170,1000,616,494
7834,2,8170,1000,646,507
7835,2,8170,1000,640,483
7836,2,8170,1000,617,508
7837,2,8170,1000,635,460
7838,2,8170,1000,630,498
7839,2,8170,1000,615,449
7840,2,8170,1000,613,456
9897,2,19327,1806,103,105
9944,2,19390,1806,96,73
9946,2,19410,1806,114,91
9947,2,19420,1806,98,111
9948,2,19430,1806,105,98
9897,2,19327,1806,103,105
20508,2,280,1002,435,470
20824,2,48693,10250,1016,1294
22568,2,49102,10250,1016,1271
20860,1,32,10250,1013,1264
22569,2,49112,10250,1017,1280
20825,2,47507,10250,1004,1283
23580,2,14600,10428,52,65
23581,2,14610,10428,60,57
23582,2,14627,10428,47,52
20864,2,48680,10250,166,441
22560,2,49822,10250,1018,1288
21972,2,49720,10250,990,1290
20862,2,48680,10250,1030,719
20863,2,48680,10250,637,865
20865,2,48680,10250,663,925
20861,2,48680,10250,495,168
22574,2,47500,10250,811,817
22579,2,49116,10250,769,796
22576,1,36,10250,773,821
22577,2,49720,10250,785,827
22573,2,48690,10250,805,817
22575,2,48706,10250,773,827
22578,2,49106,10250,769,792
22561,2,49822,10250,776,789
22580,2,49810,10250,783,789
22602,2,49730,10250,950,1284
22604,2,49730,10250,893,786
22601,2,49730,10250,998,728
21973,2,49730,10250,493,208
21975,2,49730,10250,461,221
22600,2,49730,10250,549,206
22603,2,49730,10250,380,43
22598,2,49730,10250,181,455
21976,2,49730,10250,332,596
21974,2,49740,10250,801,1070
22609,2,49740,10250,955,812
22605,2,49730,10250,371,71
22608,2,49740,10250,418,129
22607,2,49740,10250,255,587
20823,2,49397,10137,453,480
142205,2,46920,10445,54,74
142205,2,46920,10446,54,74
142205,2,46920,10447,54,74
142205,2,46920,10448,54,74
142205,2,46920,10449,54,74
142205,2,46920,10450,54,74
142205,2,46920,10451,54,74
142205,2,46920,10452,54,74
142205,2,46920,10453,54,74
142205,2,46920,10454,54,74
34720,2,1102180,10455,69,62
34719,2,1102190,10455,62,68
314461,2,1101640,1002,486,301
79158,2,1102950,1002,430,352