433194,505,HillMonsterL73,143,144,15758
432864,505,HillMonsterL73,140,140,15758
429311,505,HillMonsterL73,141,142,15758
439609,505,HillMonsterL73,148,147,15758
436498,505,HillMonsterL73,143,133,15758
432613,505,HillMonsterL73,143,139,15758
437119,505,HillMonsterL73,143,140,15758
416733,505,HillMonsterL73,143,139,15758
402458,505,HillMonsterL73,131,139,15758
433048,505,HillMonsterL73,130,139,15758
429252,505,HillMonsterL73,129,139,15758
438564,505,HillMonsterL73,128,139,15758
423702,505,HillMonsterL73,127,139,15758
435394,505,HillMonsterL73,126,139,15758
433154,505,HillMonsterL73,148,153,15758
432874,505,HillMonsterL73,141,153,15758
429331,505,HillMonsterL73,139,142,15758
439619,505,HillMonsterL73,138,153,15758
436498,505,HillMonsterL73,137,153,15758
432683,505,HillMonsterL73,136,153,15758
437169,505,HillMonsterL73,135,153,15758
416773,505,HillMonsterL73,134,153,15758
402438,505,HillMonsterL73,133,153,15758
433048,505,HillMonsterL73,132,153,15758
429282,505,HillMonsterL73,131,153,15758
438594,505,HillMonsterL73,132,153,15758
423722,505,HillMonsterL73,138,153,15758
435224,505,HillMonsterL73,151,123,15758
437824,505,HillMonsterL73,163,139,15758
435724,505,HillMonsterL73,170,147,15758
435624,505,HillMonsterL73,158,147,15758
435124,505,HillMonsterL73,140,146,15758
435024,505,HillMonsterL73,138,138,15758
436824,505,HillMonsterL73,145,134,15758
432124,505,HillMonsterL73,158,138,15758
436124,505,HillMonsterL73,146,146,15758
438124,505,HillMonsterL73,154,135,15758
436124,505,HillMonsterL73,153,135,15758
437124,505,HillMonsterL73,127,157,15758
435124,505,HillMonsterL73,157,122,15758
431124,505,HillMonsterL73,175,122,15758
432124,505,HillMonsterL73,149,135,15758
435624,505,HillMonsterL73,148,135,15758
435824,505,HillMonsterL73,147,135,15758
438924,505,HillMonsterL73,146,135,15758
438524,505,HillMonsterL73,145,146,15758
432524,505,HillMonsterL73,143,146,15758
436224,505,HillMonsterL73,142,146,15758
434724,505,HillMonsterL73,141,146,15758
438824,505,HillMonsterL73,140,146,15758
436524,505,HillMonsterL73,146,145,15758
432624,505,HillMonsterL73,146,144,15758
433544,505,HillMonsterL73,145,146,15758
433144,505,HillMonsterL73,142,148,15758
436424,505,HillMonsterL73,139,149,15758
438424,505,HillMonsterL73,138,149,15758
435124,505,HillMonsterL73,139,149,15758
435624,505,HillMonsterL73,125,157,15758
439824,505,HillMonsterL73,201,180,15758
431224,505,HillMonsterL73,201,200,15758
432324,505,HillMonsterL73,201,200,15758
439824,505,HillMonsterL73,201,199,15758
431524,505,HillMonsterL73,201,198,15758
431524,505,HillMonsterL73,201,197,15758
435624,505,HillMonsterL73,201,196,15758
432524,505,HillMonsterL73,201,195,15758
433524,505,HillMonsterL73,201,194,15758
434524,505,HillMonsterL73,201,193,15758
435524,505,HillMonsterL73,201,192,15758
436524,505,HillMonsterL73,201,190,15758
437524,505,HillMonsterL73,199,192,15758
432454,505,HillMonsterL73,198,191,15758
433584,505,HillMonsterL73,197,190,15758
433844,505,HillMonsterL73,196,189,15758
433194,505,HillMonsterL73,195,188,15758
433134,505,HillMonsterL73,194,187,15758
433154,505,HillMonsterL73,193,186,15758
433164,505,HillMonsterL73,192,185,15758
433129,505,HillMonsterL73,191,184,15758
433126,505,HillMonsterL73,190,183,15758
433114,505,HillMonsterL73,189,182,15758
433132,505,HillMonsterL73,188,181,15758