500,910,Guard1,1007,1268,10250
500,910,Guard1,991,1284,10250
418018,915,300-StarWaterDevil,201,440,10250
447096,915,300-StarWaterDevil,200,448,10250
407878,915,300-StarWaterDevil,207,437,10250
418512,915,300-StarWaterDevil,204,457,10250
404449,915,300-StarWaterDevil,201,453,10250
445361,915,300-StarWaterDevil,201,467,10250
418014,915,300-StarWaterDevil,204,482,10250
417388,915,300-StarWaterDevil,203,468,10250
403510,915,300-StarWaterDevil,204,448,10250
407975,915,300-StarWaterDevil,207,454,10250
402056,915,300-StarWaterDevil,194,441,10250
408146,915,300-StarWaterDevil,194,446,10250
408212,915,300-StarWaterDevil,197,441,10250
445145,915,300-StarWaterDevil,213,447,10250
401829,915,300-StarWaterDevil,198,445,10250
445261,915,300-StarWaterDevil,195,481,10250
418238,915,300-StarWaterDevil,193,470,10250
425007,915,300-StarWaterDevil,195,472,10250
431965,915,300-StarWaterDevil,191,486,10250
449932,915,300-StarWaterDevil,198,453,10250
428466,915,300-StarWaterDevil,198,473,10250
418072,915,300-StarWaterDevil,205,487,10250
418300,915,300-StarWaterDevil,203,486,10250
425020,915,300-StarWaterDevil,200,486,10250
417821,915,300-StarWaterDevil,208,478,10250
419282,915,300-StarWaterDevil,209,512,10250
425779,915,300-StarWaterDevil,189,469,10250
447194,915,300-StarWaterDevil,146,469,10250
425753,915,300-StarWaterDevil,192,467,10250
452571,915,300-StarWaterDevil,154,460,10250
444127,915,300-StarWaterDevil,146,461,10250
419268,915,300-StarWaterDevil,149,465,10250
418179,915,300-StarWaterDevil,182,459,10250
424702,915,300-StarWaterDevil,184,464,10250
402381,915,300-StarWaterDevil,215,450,10250
451525,915,300-StarWaterDevil,143,456,10250
435875,915,300-StarWaterDevil,143,454,10250
454213,915,300-StarWaterDevil,143,462,10250
407887,915,300-StarWaterDevil,151,451,10250
429856,915,300-StarWaterDevil,144,451,10250
436179,915,300-StarWaterDevil,134,457,10250
451908,915,300-StarWaterDevil,138,459,10250
453992,915,300-StarWaterDevil,140,461,10250
425278,915,300-StarWaterDevil,142,464,10250
419289,915,300-StarWaterDevil,139,465,10250
425982,915,300-StarWaterDevil,135,466,10250
435668,915,300-StarWaterDevil,141,466,10250
418349,915,300-StarWaterDevil,178,412,10250
419263,915,300-StarWaterDevil,203,400,10250
456482,915,300-StarWaterDevil,210,409,10250
403569,915,300-StarWaterDevil,204,410,10250
418959,915,300-StarWaterDevil,210,406,10250
446906,915,300-StarWaterDevil,205,406,10250
447180,915,300-StarWaterDevil,202,396,10250
448077,915,300-StarWaterDevil,207,407,10250
448155,915,300-StarWaterDevil,205,412,10250
418777,915,300-StarWaterDevil,212,408,10250
447148,915,300-StarWaterDevil,220,403,10250
448130,915,300-StarWaterDevil,218,413,10250
448304,915,300-StarWaterDevil,216,438,10250
404308,915,300-StarWaterDevil,224,407,10250
451649,915,300-StarWaterDevil,223,413,10250
452119,915,300-StarWaterDevil,225,413,10250
429544,915,300-StarWaterDevil,222,392,10250
402115,915,300-StarWaterDevil,225,392,10250
448856,915,300-StarWaterDevil,161,506,10250
453163,915,300-StarWaterDevil,212,565,10250
456359,915,300-StarWaterDevil,212,576,10250
404381,915,300-StarWaterDevil,205,577,10250
417523,915,300-StarWaterDevil,210,568,10250
435245,915,300-StarWaterDevil,205,568,10250
417508,915,300-StarWaterDevil,212,574,10250
442813,915,300-StarWaterDevil,213,571,10250
417407,915,300-StarWaterDevil,211,579,10250
404690,915,300-StarWaterDevil,205,581,10250
442814,915,300-StarWaterDevil,211,582,10250
417506,915,300-StarWaterDevil,213,583,10250
453228,915,300-StarWaterDevil,223,583,10250
401831,915,300-StarWaterDevil,221,579,10250
435392,915,300-StarWaterDevil,216,580,10250
442817,915,300-StarWaterDevil,216,587,10250
442873,915,300-StarWaterDevil,216,587,10250
419279,915,300-StarWaterDevil,244,623,10250
419320,915,300-StarWaterDevil,244,628,10250
420424,915,300-StarWaterDevil,247,625,10250
432017,915,300-StarWaterDevil,261,626,10250
432784,915,300-StarWaterDevil,254,624,10250
427433,915,300-StarWaterDevil,250,635,10250
419851,915,300-StarWaterDevil,244,632,10250
419948,915,300-StarWaterDevil,243,631,10250
419959,915,300-StarWaterDevil,250,632,10250
447353,915,300-StarWaterDevil,256,641,10250
428422,915,300-StarWaterDevil,261,632,10250
419882,915,300-StarWaterDevil,257,631,10250
441701,915,300-StarWaterDevil,255,632,10250
430659,915,300-StarWaterDevil,258,639,10250
431746,915,300-StarWaterDevil,264,637,10250
432018,915,300-StarWaterDevil,253,636,10250
425546,915,350-StarWarDevil,254,641,10250
412996,915,300-StarWaterDevil,275,602,10250
436859,915,300-StarWaterDevil,338,620,10250
448981,915,300-StarWaterDevil,312,589,10250
418928,915,300-StarWaterDevil,300,594,10250
402109,915,300-StarWaterDevil,300,598,10250
406280,915,300-StarWaterDevil,305,599,10250
448451,915,300-StarWaterDevil,299,596,10250
418200,915,300-StarWaterDevil,301,579,10250
401554,915,300-StarWaterDevil,296,588,10250
418496,915,300-StarWaterDevil,297,591,10250
448411,915,300-StarWaterDevil,299,592,10250
418175,915,300-StarWaterDevil,304,581,10250
449251,915,300-StarWaterDevil,300,589,10250
419146,915,300-StarWaterDevil,299,587,10250
402022,915,300-StarWaterDevil,294,595,10250
418566,915,300-StarWaterDevil,293,589,10250
447761,915,300-StarWaterDevil,290,577,10250
444942,915,300-StarWaterDevil,294,593,10250
449374,915,300-StarWaterDevil,269,545,10250
424872,304,MeteorDove,274,561,10250
408739,915,300-StarWaterDevil,242,557,10250
418142,915,300-StarWaterDevil,304,525,10250
418538,915,300-StarWaterDevil,247,506,10250
418571,915,300-StarWaterDevil,263,519,10250
449053,915,300-StarWaterDevil,254,516,10250
417418,915,350-StarWarDevil,256,514,10250
448931,915,300-StarWaterDevil,250,502,10250
417870,915,300-StarWaterDevil,268,502,10250
407934,915,300-StarWaterDevil,256,503,10250
420060,915,300-StarWaterDevil,270,498,10250
449317,915,300-StarWaterDevil,272,500,10250
407619,915,300-StarWaterDevil,271,503,10250
418178,915,300-StarWaterDevil,271,505,10250
402310,915,300-StarWaterDevil,261,507,10250
418684,915,300-StarWaterDevil,264,509,10250
448940,915,300-StarWaterDevil,257,505,10250
407719,915,300-StarWaterDevil,260,510,10250
417852,915,300-StarWaterDevil,262,498,10250
407693,915,300-StarWaterDevil,266,495,10250
449770,915,300-StarWaterDevil,216,452,10250
425772,915,300-StarWaterDevil,269,543,10250
418867,915,300-StarWaterDevil,308,536,10250
401539,915,300-StarWaterDevil,307,527,10250
408863,915,300-StarWaterDevil,306,537,10250
429506,915,300-StarWaterDevil,307,539,10250
429515,915,300-StarWaterDevil,319,521,10250
418461,915,300-StarWaterDevil,313,526,10250
418067,915,300-StarWaterDevil,310,529,10250
401820,915,300-StarWaterDevil,317,526,10250
424877,915,300-StarWaterDevil,313,532,10250
452214,915,300-StarWaterDevil,313,523,10250
456500,915,300-StarWaterDevil,315,534,10250
456414,915,300-StarWaterDevil,311,536,10250
456364,915,300-StarWaterDevil,321,535,10250
456357,915,300-StarWaterDevil,321,541,10250
452131,915,300-StarWaterDevil,324,542,10250
407613,915,300-StarWaterDevil,330,572,10250
408071,915,350-StarWaterDevil,413,447,10250
418481,915,350-StarWaterDevil,411,448,10250
456360,915,350-StarWaterDevil,421,441,10250
456321,915,350-StarWaterDevil,420,434,10250
444783,915,350-StarWaterDevil,418,443,10250
449119,915,350-StarWaterDevil,414,445,10250
449122,915,350-StarWaterDevil,424,429,10250
427796,915,350-StarWaterDevil,426,429,10250
404214,915,350-StarWaterDevil,427,431,10250
444836,915,350-StarWaterDevil,423,435,10250
427823,915,350-StarWaterDevil,419,432,10250
418475,915,350-StarWaterDevil,429,437,10250
428232,915,350-StarWaterDevil,431,438,10250
453465,915,350-StarWaterDevil,432,446,10250
401832,915,350-StarWaterDevil,433,437,10250
425755,915,350-StarWaterDevil,432,433,10250
456166,915,350-StarWaterDevil,311,256,10250
418459,915,350-StarWaterDevil,312,249,10250
418120,915,350-StarWaterDevil,313,247,10250
451336,915,350-StarWaterDevil,308,235,10250
453897,915,350-StarWaterDevil,309,243,10250
429404,915,350-StarWaterDevil,309,239,10250
456424,915,350-StarWaterDevil,311,237,10250
445157,915,350-StarWaterDevil,299,255,10250
451426,915,350-StarWaterDevil,299,252,10250
451971,915,350-StarWaterDevil,302,256,10250
450878,915,350-StarWaterDevil,305,255,10250
417684,915,350-StarWaterDevil,301,253,10250
450821,915,350-StarWaterDevil,293,245,10250
452094,915,350-StarWaterDevil,294,239,10250
417614,915,350-StarWaterDevil,291,241,10250
418596,915,350-StarWaterDevil,298,238,10250
446071,915,350-StarWaterDevil,301,250,10250
451484,915,350-StarWaterDevil,299,245,10250
429274,915,350-StarWaterDevil,304,248,10250
451331,915,350-StarWaterDevil,307,241,10250
429427,915,350-StarWaterDevil,306,244,10250
429338,915,350-StarWaterDevil,291,233,10250
417713,915,350-StarWaterDevil,295,251,10250
418616,915,350-StarWaterDevil,294,235,10250
445198,915,350-StarWaterDevil,296,234,10250
420028,915,350-StarWaterDevil,269,214,10250
420040,915,350-StarWaterDevil,269,208,10250
420029,915,350-StarWaterDevil,275,207,10250
420038,915,350-StarWaterDevil,271,208,10250
420041,915,350-StarWaterDevil,274,209,10250
420043,915,350-StarWaterDevil,273,214,10250
420034,915,350-StarWaterDevil,278,211,10250
420036,915,350-StarWaterDevil,280,214,10250
420035,915,350-StarWaterDevil,277,213,10250
420042,915,350-StarWaterDevil,284,214,10250
420039,915,350-StarWaterDevil,275,214,10250
420037,915,350-StarWaterDevil,278,215,10250
420031,915,350-StarWaterDevil,287,213,10250
420015,915,350-StarWaterDevil,254,201,10250
420032,915,350-StarWaterDevil,280,211,10250
420027,915,350-StarWaterDevil,248,200,10250
420021,915,350-StarWaterDevil,252,203,10250
420030,915,350-StarWaterDevil,285,208,10250
420033,915,350-StarWaterDevil,285,210,10250
420012,915,350-StarWaterDevil,259,196,10250
420026,915,350-StarWaterDevil,258,194,10250
420014,915,350-StarWaterDevil,249,193,10250
420016,915,350-StarWaterDevil,245,190,10250
420019,915,350-StarWaterDevil,247,183,10250
420025,915,350-StarWaterDevil,245,192,10250
420024,915,350-StarWaterDevil,244,185,10250
420023,915,350-StarWaterDevil,243,183,10250
420022,915,350-StarWaterDevil,240,182,10250
420017,915,350-StarWaterDevil,261,186,10250
420018,915,350-StarWaterDevil,257,192,10250
420020,915,350-StarWaterDevil,262,189,10250
420013,915,350-StarWaterDevil,258,183,10250
419100,915,350-StarWaterDevil,391,145,10250
408153,915,350-StarWaterDevil,392,147,10250
418886,915,350-StarWaterDevil,395,151,10250
417375,915,350-StarWaterDevil,394,165,10250
418896,915,350-StarWaterDevil,396,162,10250
418837,915,350-StarWaterDevil,402,154,10250
418844,915,350-StarWaterDevil,402,159,10250
418880,915,350-StarWaterDevil,400,154,10250
409846,915,350-StarWaterDevil,397,149,10250
408160,915,350-StarWaterDevil,397,165,10250
408782,915,350-StarWaterDevil,400,167,10250
408085,915,350-StarWaterDevil,410,149,10250
408251,915,350-StarWaterDevil,410,149,10250
410683,915,350-StarWaterDevil,409,159,10250
408104,915,350-StarWaterDevil,404,168,10250
408147,915,350-StarWaterDevil,409,167,10250
445881,915,350-StarWaterDevil,429,132,10250
417605,915,350-StarWaterDevil,387,110,10250
429835,915,350-StarWaterDevil,391,110,10250
431659,915,350-StarWaterDevil,391,117,10250
431694,915,350-StarWaterDevil,393,118,10250
417706,915,350-StarWaterDevil,399,116,10250
431774,915,350-StarWaterDevil,393,114,10250
432732,915,350-StarWaterDevil,393,110,10250
429737,915,350-StarWaterDevil,383,98,10250
430449,915,350-StarWaterDevil,385,103,10250
417690,915,350-StarWaterDevil,399,113,10250
418455,915,350-StarWaterDevil,402,108,10250
417624,915,350-StarWaterDevil,386,101,10250
429606,915,350-StarWaterDevil,392,100,10250
430702,915,350-StarWaterDevil,390,100,10250
418193,915,350-StarWaterDevil,396,100,10250
417655,915,350-StarWaterDevil,406,95,10250
453014,915,350-StarWaterDevil,406,84,10250
456487,915,350-StarWaterDevil,405,79,10250
402083,915,350-StarWaterDevil,404,80,10250
402113,915,350-StarWaterDevil,408,82,10250
451626,915,350-StarWaterDevil,406,77,10250
408233,915,350-StarWaterDevil,403,83,10250
420515,171,NightmareGeneral,393,60,10250
449268,171,NightmareGeneral,387,62,10250
443230,171,NightmareGeneral,393,58,10250
449354,171,NightmareGeneral,384,57,10250
418110,171,NightmareGeneral,387,60,10250
418222,171,NightmareGeneral,389,50,10250
404442,171,NightmareGeneral,391,51,10250
424523,171,NightmareGeneral,381,53,10250
448317,171,NightmareGeneral,388,56,10250
420514,171,NightmareGeneral,401,52,10250
442563,171,NightmareGeneral,400,54,10250
452678,171,NightmareGeneral,399,64,10250
443594,171,NightmareGeneral,397,62,10250
409744,171,NightmareGeneral,397,57,10250
436360,171,NightmareGeneral,398,55,10250
448211,171,NightmareGeneral,401,65,10250
451809,915,350-StarWaterDevil,405,66,10250
452902,915,350-StarWaterDevil,408,62,10250
452927,915,350-StarWaterDevil,405,63,10250
454124,915,350-StarWaterDevil,427,81,10250
453422,915,350-StarWaterDevil,426,61,10250
453919,915,350-StarWaterDevil,422,79,10250
454209,915,350-StarWaterDevil,417,76,10250
455194,915,350-StarWaterDevil,419,82,10250
455518,915,350-StarWaterDevil,415,78,10250
454217,915,350-StarWaterDevil,404,75,10250
437461,915,350-StarWaterDevil,444,126,10250
447359,915,350-StarWarDevil,448,127,10250
436985,915,350-StarWaterDevil,454,123,10250
418089,915,350-StarWaterDevil,451,123,10250
428142,915,350-StarWaterDevil,458,122,10250
425261,915,350-StarWaterDevil,454,140,10250
425906,915,350-StarWaterDevil,456,127,10250
407795,915,350-StarWaterDevil,474,105,10250
418824,915,350-StarWaterDevil,479,93,10250
418989,915,350-StarWaterDevil,478,106,10250
419232,915,350-StarWaterDevil,481,103,10250
420122,915,350-StarWaterDevil,481,105,10250
424439,915,350-StarWaterDevil,483,107,10250
422952,915,350-StarWaterDevil,479,104,10250
418732,915,350-StarWaterDevil,477,110,10250
404385,915,350-StarWaterDevil,479,110,10250
407986,915,350-StarWaterDevil,478,108,10250
418895,915,350-StarWaterDevil,479,113,10250
418464,915,350-StarWaterDevil,481,110,10250
422914,915,350-StarWaterDevil,475,110,10250
404321,915,350-StarWaterDevil,489,101,10250
407087,915,350-StarWaterDevil,488,92,10250
407724,915,350-StarWaterDevil,483,94,10250
418678,915,350-StarWaterDevil,491,102,10250
419633,915,350-StarWaterDevil,495,104,10250
420607,915,350-StarWaterDevil,493,100,10250
424547,915,350-StarWaterDevil,496,106,10250
420395,915,350-StarWaterDevil,491,106,10250
421695,915,350-StarWaterDevil,493,108,10250
424511,915,350-StarWaterDevil,494,123,10250
419301,915,350-StarWaterDevil,492,116,10250
421675,915,350-StarWaterDevil,494,114,10250
418011,915,350-StarWaterDevil,519,159,10250
418081,915,350-StarWaterDevil,517,168,10250
418587,915,350-StarWaterDevil,518,166,10250
408016,915,350-StarWaterDevil,513,166,10250
418740,915,350-StarWaterDevil,511,167,10250
418050,915,350-StarWaterDevil,511,165,10250
418710,915,350-StarWaterDevil,507,166,10250
418355,915,350-StarWaterDevil,505,168,10250
418665,915,350-StarWaterDevil,515,162,10250
424965,915,350-StarWarDevil,499,157,10250
417777,915,350-StarWaterDevil,509,160,10250
418340,915,350-StarWaterDevil,508,158,10250
418510,915,350-StarWaterDevil,514,159,10250
418565,915,350-StarWaterDevil,508,158,10250
418746,915,350-StarWaterDevil,507,161,10250
418207,915,350-StarWaterDevil,505,161,10250
408953,915,350-StarWaterDevil,538,179,10250
417819,915,350-StarWaterDevil,523,173,10250
424929,915,350-StarWaterDevil,560,215,10250
425311,915,350-StarWaterDevil,556,219,10250
432188,915,350-StarWaterDevil,544,219,10250
431037,915,350-StarWaterDevil,561,224,10250
425423,915,350-StarWaterDevil,561,226,10250
430601,915,350-StarWaterDevil,559,229,10250
427241,915,350-StarWaterDevil,548,223,10250
423012,915,350-StarWaterDevil,542,225,10250
424533,915,350-StarWaterDevil,545,230,10250
424652,915,350-StarWaterDevil,547,232,10250
440365,915,350-StarWaterDevil,555,228,10250
430597,915,350-StarWaterDevil,555,226,10250
424471,915,350-StarWaterDevil,541,230,10250
432743,915,350-StarWaterDevil,544,232,10250
437596,915,350-StarWaterDevil,544,228,10250
431846,915,350-StarWaterDevil,546,234,10250
451978,915,350-StarWaterDevil,583,211,10250
446390,915,350-StarWaterDevil,571,264,10250
431754,915,350-StarWaterDevil,575,296,10250
412887,915,350-StarWaterDevil,543,297,10250
409734,915,350-StarWaterDevil,538,291,10250
406879,915,350-StarWaterDevil,535,298,10250
407667,915,350-StarWaterDevil,539,298,10250
443239,915,350-StarWaterDevil,539,293,10250
450041,915,350-StarWaterDevil,532,282,10250
452705,915,350-StarWaterDevil,531,287,10250
407785,915,350-StarWaterDevil,526,277,10250
447866,915,350-StarWaterDevil,535,279,10250
451884,915,350-StarWaterDevil,522,278,10250
403501,915,350-StarWaterDevil,539,287,10250
450116,915,350-StarWaterDevil,542,285,10250
432887,915,350-StarWaterDevil,530,301,10250
450847,915,350-StarWaterDevil,527,293,10250
450049,915,350-StarWaterDevil,530,294,10250
407091,915,350-StarWaterDevil,519,295,10250
424499,915,350-StarWaterDevil,521,291,10250
451332,915,350-StarWaterDevil,520,300,10250
404372,915,350-StarWaterDevil,529,284,10250
447972,915,350-StarWaterDevil,524,284,10250
408767,915,350-StarWaterDevil,515,303,10250
447783,915,350-StarWaterDevil,516,292,10250
451318,915,350-StarWaterDevil,516,283,10250
408240,915,350-StarWaterDevil,516,277,10250
407081,915,350-StarWaterDevil,518,277,10250
425932,915,350-StarWaterDevil,473,259,10250
443261,915,350-StarWaterDevil,471,259,10250
427790,915,350-StarWaterDevil,474,256,10250
440994,915,350-StarWaterDevil,465,258,10250
439611,915,350-StarWaterDevil,455,257,10250
428312,915,350-StarWaterDevil,465,254,10250
431618,915,350-StarWaterDevil,454,247,10250
434521,915,350-StarWaterDevil,453,239,10250
434572,915,350-StarWaterDevil,452,250,10250
441421,915,350-StarWaterDevil,462,247,10250
443112,915,350-StarWaterDevil,461,244,10250
443897,915,350-StarWaterDevil,458,236,10250
444196,915,350-StarWaterDevil,464,240,10250
429474,915,350-StarWaterDevil,465,236,10250
427362,915,350-StarWaterDevil,465,242,10250
427785,915,350-StarWaterDevil,459,240,10250
433266,915,350-StarWaterDevil,457,243,10250
443210,915,350-StarWaterDevil,480,236,10250
433450,915,350-StarWaterDevil,472,248,10250
429247,915,350-StarWaterDevil,478,235,10250
420299,304,MeteorDove,440,225,10250
431725,915,350-StarWaterDevil,462,221,10250
427831,915,350-StarWaterDevil,458,228,10250
443630,915,350-StarWaterDevil,466,222,10250
427799,915,350-StarWaterDevil,462,224,10250
433909,915,350-StarWaterDevil,460,209,10250
434870,915,350-StarWaterDevil,458,212,10250
455480,915,350-StarWaterDevil,459,215,10250
455514,915,350-StarWaterDevil,459,214,10250
427833,915,350-StarWaterDevil,464,215,10250
433440,915,350-StarWaterDevil,466,218,10250
418949,915,350-StarWaterDevil,434,184,10250
424416,915,350-StarWaterDevil,396,165,10250
418021,915,350-StarWaterDevil,414,166,10250
423004,915,350-StarWaterDevil,394,153,10250
418234,915,350-StarWaterDevil,392,154,10250
424467,915,350-StarWaterDevil,412,161,10250
427221,915,350-StarWaterDevil,405,152,10250
428317,915,350-StarWaterDevil,410,155,10250
422904,915,350-StarWaterDevil,415,151,10250
422960,915,350-StarWaterDevil,414,156,10250
424593,915,350-StarWaterDevil,414,150,10250
418038,915,350-StarWaterDevil,408,162,10250
419675,915,350-StarWaterDevil,407,146,10250
425927,915,350-StarWaterDevil,413,146,10250
427285,915,350-StarWaterDevil,412,147,10250
418168,915,350-StarWaterDevil,403,146,10250
428310,915,350-StarWaterDevil,415,146,10250
424649,915,350-StarWaterDevil,395,112,10250
425477,915,350-StarWaterDevil,382,114,10250
422700,915,350-StarWaterDevil,390,109,10250
429279,915,350-StarWaterDevil,385,116,10250
442505,915,350-StarWaterDevil,390,117,10250
425843,915,350-StarWaterDevil,392,103,10250
425918,915,350-StarWaterDevil,387,97,10250
424885,915,350-StarWaterDevil,385,99,10250
425424,915,350-StarWaterDevil,382,105,10250
429407,915,350-StarWaterDevil,395,103,10250
425381,915,350-StarWaterDevil,383,95,10250
427266,915,350-StarWaterDevil,397,103,10250
429551,915,350-StarWaterDevil,399,102,10250
424741,915,350-StarWaterDevil,405,108,10250
428217,915,350-StarWaterDevil,413,83,10250
450187,915,350-StarWaterDevil,405,81,10250
418170,915,350-StarWaterDevil,404,75,10250
428315,915,350-StarWaterDevil,472,214,10250
429225,915,350-StarWaterDevil,480,214,10250
432172,915,350-StarWaterDevil,479,218,10250
429069,915,350-StarWaterDevil,485,230,10250
429580,915,350-StarWaterDevil,472,218,10250
427795,915,350-StarWaterDevil,485,226,10250
428571,915,350-StarWaterDevil,467,216,10250
430801,915,350-StarWarDevil,499,226,10250
429447,915,350-StarWaterDevil,478,229,10250
429633,915,350-StarWaterDevil,479,224,10250
428649,915,350-StarWaterDevil,481,232,10250
430661,915,350-StarWaterDevil,474,223,10250
431636,915,350-StarWaterDevil,604,256,10250
500107,951,BloodyBanshee,487,176,10250
418490,915,350-StarWaterDevil,483,156,10250
425501,915,350-StarWaterDevil,456,143,10250
425076,915,350-StarWaterDevil,466,130,10250
428211,915,350-StarWaterDevil,460,136,10250
418053,915,350-StarWaterDevil,459,139,10250
436716,915,350-StarWaterDevil,462,136,10250
425274,915,350-StarWaterDevil,455,131,10250
418063,915,350-StarWaterDevil,465,139,10250
425473,915,350-StarWaterDevil,462,130,10250
429031,915,350-StarWaterDevil,465,137,10250
428473,915,350-StarWaterDevil,417,63,10250
450354,915,350-StarWaterDevil,422,78,10250
418371,915,350-StarWaterDevil,425,82,10250
428457,915,350-StarWaterDevil,422,72,10250
456316,915,350-StarWaterDevil,647,435,10250
402030,915,350-StarWaterDevil,656,445,10250
404749,915,350-StarWaterDevil,655,438,10250
407034,915,350-StarWaterDevil,656,432,10250
418918,915,350-StarWaterDevil,661,434,10250
419130,915,350-StarWaterDevil,652,441,10250
405256,915,350-StarWaterDevil,661,449,10250
407080,915,350-StarWaterDevil,661,445,10250
404748,915,350-StarWaterDevil,650,444,10250
420054,915,350-StarWaterDevil,644,447,10250
402383,915,350-StarWaterDevil,642,445,10250
447040,915,350-StarWaterDevil,643,439,10250
418593,915,350-StarWaterDevil,668,437,10250
403248,915,350-StarWaterDevil,656,454,10250
456438,915,350-StarWaterDevil,659,450,10250
402302,915,350-StarWaterDevil,663,451,10250
420057,915,350-StarWaterDevil,642,452,10250
405271,915,350-StarWaterDevil,644,450,10250
407122,915,350-StarWaterDevil,642,456,10250
405216,915,350-StarWaterDevil,671,435,10250
407422,915,350-StarWaterDevil,671,432,10250
403275,915,350-StarWaterDevil,668,450,10250
419671,915,350-StarWaterDevil,670,454,10250
403260,915,350-StarWaterDevil,649,448,10250
402365,915,350-StarWaterDevil,659,459,10250
449059,915,350-StarWaterDevil,729,389,10250
449272,915,350-StarWaterDevil,727,380,10250
449441,915,350-StarWaterDevil,730,382,10250
451953,915,350-StarWaterDevil,730,386,10250
451974,915,350-StarWaterDevil,733,370,10250
449133,915,350-StarWaterDevil,735,372,10250
447564,915,350-StarWaterDevil,735,377,10250
451101,915,350-StarWaterDevil,733,381,10250
451085,915,350-StarWaterDevil,739,374,10250
451281,915,350-StarWaterDevil,747,374,10250
447589,915,350-StarWaterDevil,740,372,10250
447847,915,350-StarWaterDevil,741,376,10250
448998,915,350-StarWaterDevil,745,384,10250
450985,915,350-StarWaterDevil,743,383,10250
451682,915,350-StarWaterDevil,743,379,10250
452014,915,350-StarWaterDevil,738,380,10250
408734,915,350-StarWaterDevil,775,426,10250
409219,915,350-StarWaterDevil,775,426,10250
418762,915,350-StarWaterDevil,761,424,10250
419673,915,350-StarWaterDevil,769,423,10250
408880,915,350-StarWaterDevil,771,424,10250
409718,915,350-StarWaterDevil,772,426,10250
413674,915,350-StarWaterDevil,762,426,10250
417434,915,350-StarWaterDevil,782,421,10250
417814,915,350-StarWaterDevil,789,427,10250
418080,915,350-StarWaterDevil,784,430,10250
418216,915,350-StarWaterDevil,788,425,10250
417806,915,350-StarWaterDevil,785,425,10250
417830,915,350-StarWaterDevil,788,429,10250
419634,915,350-StarWaterDevil,762,431,10250
419934,915,350-StarWaterDevil,764,432,10250
418820,915,350-StarWaterDevil,762,434,10250
419943,915,350-StarWaterDevil,764,435,10250
407860,915,350-StarWaterDevil,768,437,10250
417513,915,350-StarWaterDevil,771,435,10250
418225,915,350-StarWaterDevil,768,434,10250
408948,915,350-StarWaterDevil,771,433,10250
417752,915,350-StarWaterDevil,789,438,10250
418015,915,350-StarWaterDevil,777,435,10250
419930,915,350-StarWaterDevil,772,450,10250
413177,915,350-StarWaterDevil,782,451,10250
433885,915,380-StarWaterDevil,835,584,10250
442697,915,380-StarWaterDevil,837,583,10250
442821,915,380-StarWaterDevil,837,607,10250
425879,915,380-StarWaterDevil,837,603,10250
438595,915,380-StarWaterDevil,826,588,10250
425074,915,380-StarWaterDevil,823,584,10250
442482,915,380-StarWaterDevil,827,592,10250
425064,915,380-StarWaterDevil,818,585,10250
425814,915,380-StarWaterDevil,812,586,10250
432818,915,380-StarWaterDevil,818,600,10250
431502,915,380-StarWaterDevil,823,594,10250
424866,915,380-StarWaterDevil,817,595,10250
442838,915,380-StarWaterDevil,826,598,10250
427239,915,380-StarWaterDevil,821,608,10250
441780,915,380-StarWaterDevil,812,607,10250
430970,915,380-StarWaterDevil,814,605,10250
442292,915,380-StarWaterDevil,831,595,10250
436849,915,380-StarWaterDevil,829,610,10250
443556,915,380-StarWaterDevil,829,603,10250
436724,915,380-StarWaterDevil,831,604,10250
425297,915,380-StarWaterDevil,815,612,10250
441637,915,380-StarWaterDevil,817,612,10250
425407,915,380-StarWaterDevil,833,616,10250
427249,915,380-StarWaterDevil,838,617,10250
437574,915,380-StarWaterDevil,840,595,10250
431722,915,380-StarWaterDevil,843,657,10250
431800,915,380-StarWaterDevil,832,655,10250
409495,915,380-StarWaterDevil,830,652,10250
430669,915,380-StarWaterDevil,836,653,10250
425266,915,380-StarWaterDevil,852,659,10250
428521,915,380-StarWaterDevil,859,659,10250
431794,915,380-StarWaterDevil,847,652,10250
447162,915,380-StarWaterDevil,852,652,10250
436588,915,380-StarWaterDevil,846,659,10250
436731,915,380-StarWaterDevil,855,652,10250
436396,915,380-StarWaterDevil,834,669,10250
436472,915,380-StarWaterDevil,835,668,10250
432139,915,380-StarWaterDevil,826,671,10250
432266,915,380-StarWaterDevil,826,673,10250
430767,915,380-StarWaterDevil,849,662,10250
409741,915,380-StarWaterDevil,850,671,10250
425958,915,380-StarWaterDevil,836,673,10250
447115,915,380-StarWaterDevil,842,673,10250
436509,915,380-StarWaterDevil,843,679,10250
431050,915,380-StarWaterDevil,827,677,10250
425746,915,380-StarWaterDevil,848,678,10250
441705,915,380-StarWaterDevil,859,675,10250
409492,915,380-StarWaterDevil,837,685,10250
431589,915,380-StarWaterDevil,833,682,10250
430774,915,380-StarWaterDevil,842,682,10250
441848,915,380-StarWaterDevil,881,662,10250
427440,915,380-StarWaterDevil,886,665,10250
417817,915,380-StarWaterDevil,885,648,10250
419854,915,380-StarWaterDevil,882,651,10250
425510,915,380-StarWaterDevil,885,661,10250
441889,915,380-StarWaterDevil,889,663,10250
418055,915,380-StarWaterDevil,886,671,10250
429374,915,380-StarWaterDevil,882,675,10250
431454,915,380-StarWaterDevil,868,702,10250
419712,915,380-StarWaterDevil,897,669,10250
425372,915,380-StarWaterDevil,903,670,10250
431814,915,380-StarWaterDevil,918,717,10250
442625,915,380-StarWaterDevil,940,693,10250
420085,915,380-StarWaterDevil,983,698,10250
420050,915,380-StarWaterDevil,984,708,10250
420656,915,380-StarWaterDevil,984,715,10250
427243,915,380-StarWaterDevil,985,713,10250
424734,915,380-StarWaterDevil,983,717,10250
422980,915,380-StarWaterDevil,982,703,10250
423048,915,380-StarWaterDevil,988,704,10250
422797,915,380-StarWaterDevil,988,713,10250
423041,915,380-StarWaterDevil,987,716,10250
420188,915,380-StarWaterDevil,991,701,10250
419693,915,380-StarWaterDevil,993,716,10250
420144,915,380-StarWaterDevil,994,712,10250
421660,915,380-StarWaterDevil,994,709,10250
424879,915,380-StarWaterDevil,997,712,10250
425069,915,380-StarWaterDevil,992,714,10250
429272,915,380-StarWaterDevil,975,727,10250
434956,915,380-StarWaterDevil,973,722,10250
430493,915,380-StarWaterDevil,963,724,10250
430985,915,380-StarWaterDevil,970,729,10250
432244,915,380-StarWaterDevil,965,723,10250
433180,915,380-StarWaterDevil,961,728,10250
433468,915,380-StarWaterDevil,958,727,10250
433902,915,380-StarWaterDevil,960,725,10250
431034,915,380-StarWaterDevil,961,720,10250
419721,915,380-StarWaterDevil,999,722,10250
435064,915,380-StarWaterDevil,973,741,10250
431995,915,380-StarWaterDevil,978,732,10250
433802,915,380-StarWaterDevil,976,734,10250
433249,915,380-StarWaterDevil,1025,740,10250
418006,915,380-StarWaterDevil,1039,761,10250
418289,915,380-StarWaterDevil,1032,764,10250
418307,915,380-StarWaterDevil,1036,761,10250
419059,915,380-StarWaterDevil,1039,765,10250
418427,915,380-StarWaterDevil,1026,772,10250
418692,915,380-StarWaterDevil,1026,771,10250
419817,915,380-StarWaterDevil,1026,769,10250
417998,915,380-StarWaterDevil,1033,771,10250
418109,915,380-StarWaterDevil,1033,769,10250
420354,915,380-StarWaterDevil,1037,771,10250
420364,915,380-StarWaterDevil,1035,783,10250
418263,915,380-StarWaterDevil,1029,776,10250
419682,915,380-StarWaterDevil,1024,766,10250
418446,915,380-StarWaterDevil,1015,772,10250
418833,915,380-StarWaterDevil,1023,768,10250
418467,915,380-StarWaterDevil,1023,777,10250
430968,915,380-StarWaterDevil,1028,815,10250
418010,915,380-StarWaterDevil,996,830,10250
443902,915,380-StarWaterDevil,989,825,10250
431534,915,380-StarWaterDevil,989,806,10250
430841,915,380-StarWaterDevil,975,809,10250
418360,915,380-StarWaterDevil,996,802,10250
418194,915,380-StarWaterDevil,997,809,10250
408717,915,380-StarWaterDevil,994,802,10250
417456,915,380-StarWaterDevil,998,820,10250
417678,915,380-StarWaterDevil,995,814,10250
417686,915,380-StarWaterDevil,994,824,10250
432752,915,380-StarWaterDevil,992,825,10250
420166,915,380-StarWaterDevil,996,827,10250
417698,915,380-StarWaterDevil,991,820,10250
430439,915,380-StarWaterDevil,985,830,10250
429863,915,380-StarWaterDevil,978,814,10250
418151,915,380-StarWaterDevil,984,826,10250
418106,915,380-StarWaterDevil,987,821,10250
430588,915,380-StarWaterDevil,982,822,10250
429267,915,380-StarWaterDevil,977,812,10250
443557,915,380-StarWaterDevil,979,827,10250
417964,915,380-StarWaterDevil,984,804,10250
443653,915,380-StarWaterDevil,974,819,10250
429022,915,380-StarWaterDevil,972,826,10250
417997,915,380-StarWaterDevil,965,824,10250
429442,915,380-StarWaterDevil,969,826,10250
430617,915,380-StarWaterDevil,909,761,10250
450008,915,380-StarWaterDevil,903,760,10250
407870,915,380-StarWaterDevil,872,753,10250
407889,915,380-StarWaterDevil,873,755,10250
407892,915,380-StarWaterDevil,875,753,10250
420373,915,380-StarWaterDevil,867,746,10250
418748,915,380-StarWaterDevil,909,750,10250
432170,915,380-StarWaterDevil,910,745,10250
449754,915,380-StarWaterDevil,913,745,10250
420565,915,380-StarWaterDevil,915,747,10250
432279,915,380-StarWaterDevil,908,748,10250
442648,915,380-StarWaterDevil,912,748,10250
431672,915,380-StarWaterDevil,913,754,10250
418767,915,380-StarWaterDevil,917,745,10250
436866,915,380-StarWaterDevil,870,741,10250
404454,915,380-StarWarDevil,866,730,10250
407760,915,380-StarWaterDevil,880,737,10250
407884,915,380-StarWaterDevil,882,736,10250
449806,915,380-StarWaterDevil,910,740,10250
418738,915,380-StarWaterDevil,873,733,10250
417954,915,380-StarWaterDevil,863,733,10250
427369,915,380-StarWaterDevil,879,619,10250
450142,915,380-StarWaterDevil,878,616,10250
433805,915,380-StarWaterDevil,882,614,10250
425412,915,380-StarWaterDevil,891,643,10250
433804,915,380-StarWaterDevil,884,631,10250
428632,915,380-StarWaterDevil,899,645,10250
414351,915,380-StarWaterDevil,882,642,10250
427469,915,380-StarWaterDevil,886,615,10250
428556,915,380-StarWaterDevil,887,624,10250
429006,915,380-StarWaterDevil,894,619,10250
427738,915,380-StarWaterDevil,887,628,10250
433420,915,380-StarWaterDevil,887,617,10250
420399,915,380-StarWaterDevil,889,653,10250
419836,915,380-StarWaterDevil,896,642,10250
428428,915,380-StarWaterDevil,900,663,10250
418388,915,380-StarWaterDevil,909,662,10250
425542,915,380-StarWaterDevil,898,663,10250
424987,915,380-StarWaterDevil,906,643,10250
441855,915,380-StarWaterDevil,910,646,10250
429010,915,380-StarWaterDevil,911,652,10250
425361,915,380-StarWaterDevil,906,653,10250
433110,915,380-StarWaterDevil,904,652,10250
427816,915,380-StarWaterDevil,904,649,10250
417803,915,380-StarWaterDevil,913,648,10250
418929,915,380-StarWaterDevil,962,737,10250
419250,915,380-StarWaterDevil,965,734,10250
432840,915,380-StarWaterDevil,961,740,10250
420271,915,380-StarWaterDevil,918,743,10250
449985,915,380-StarWaterDevil,919,749,10250
431857,915,380-StarWaterDevil,968,741,10250
449855,915,380-StarWaterDevil,928,760,10250
422813,915,380-StarWaterDevil,925,759,10250
418646,915,380-StarWaterDevil,920,755,10250
428368,915,380-StarWaterDevil,959,770,10250
408911,915,380-StarWaterDevil,995,782,10250
455795,915,380-StarWaterDevil,877,756,10250
410875,915,380-StarWaterDevil,876,744,10250
418115,915,380-StarWaterDevil,866,739,10250
451610,915,380-StarWaterDevil,867,751,10250
407938,915,380-StarWaterDevil,882,746,10250
456312,915,380-StarWaterDevil,861,734,10250
456071,915,380-StarWaterDevil,869,736,10250
450641,915,380-StarWaterDevil,882,741,10250
451282,915,380-StarWaterDevil,869,739,10250
456226,915,380-StarWaterDevil,869,742,10250
455569,915,380-StarWaterDevil,874,733,10250
409901,915,380-StarWaterDevil,880,732,10250
451913,915,300-StarWaterDevil,1162,919,10250
446915,915,300-StarWaterDevil,1165,925,10250
418626,915,300-StarWaterDevil,1161,922,10250
446535,915,300-StarWaterDevil,1158,920,10250
446581,915,300-StarWaterDevil,1168,922,10250
406289,915,300-StarWaterDevil,1166,927,10250
403582,915,300-StarWaterDevil,1167,924,10250
447475,915,300-StarWaterDevil,1180,921,10250
404218,915,300-StarWaterDevil,1179,931,10250
444861,915,300-StarWaterDevil,1174,931,10250
452108,915,300-StarWaterDevil,1170,926,10250
404734,915,300-StarWaterDevil,1170,928,10250
452612,915,300-StarWaterDevil,1155,938,10250
403287,915,300-StarWaterDevil,1159,942,10250
452130,915,300-StarWaterDevil,1178,938,10250
447055,915,300-StarWaterDevil,1174,937,10250
425374,915,380-StarWaterDevil,997,806,10250
403304,915,380-StarWaterDevil,996,804,10250
429252,915,380-StarWaterDevil,986,829,10250
428529,915,380-StarWaterDevil,987,816,10250
417445,915,380-StarWaterDevil,988,826,10250
425414,915,380-StarWaterDevil,980,803,10250
418008,915,380-StarWaterDevil,987,805,10250
417430,915,380-StarWaterDevil,993,827,10250
419029,915,380-StarWaterDevil,967,801,10250
418285,915,380-StarWaterDevil,976,822,10250
404377,915,380-StarWaterDevil,982,815,10250
422900,915,380-StarWaterDevil,997,815,10250
423024,915,380-StarWaterDevil,987,803,10250
404312,915,380-StarWaterDevil,965,819,10250
406288,915,380-StarWaterDevil,964,820,10250
417545,915,380-StarWaterDevil,965,805,10250
424412,915,380-StarWaterDevil,965,798,10250
427779,915,300-StarWaterDevil,927,931,10250
408908,915,300-StarWaterDevil,932,929,10250
419749,915,300-StarWaterDevil,924,932,10250
419782,915,300-StarWaterDevil,933,924,10250
419805,915,300-StarWaterDevil,925,926,10250
431713,915,300-StarWaterDevil,931,927,10250
434147,915,300-StarWaterDevil,929,944,10250
432766,915,300-StarWaterDevil,929,939,10250
428378,915,300-StarWaterDevil,929,937,10250
435116,915,300-StarWaterDevil,935,945,10250
448068,915,300-StarWaterDevil,928,941,10250
429079,915,300-StarWaterDevil,931,942,10250
419251,915,300-StarWaterDevil,939,941,10250
419647,915,300-StarWaterDevil,943,943,10250
419850,915,300-StarWaterDevil,941,940,10250
407880,915,300-StarWaterDevil,931,945,10250
428098,915,300-StarWaterDevil,934,955,10250
429684,915,300-StarWaterDevil,931,954,10250
423005,915,300-StarWaterDevil,923,963,10250
453662,915,300-StarWaterDevil,921,958,10250
412880,915,300-StarWaterDevil,928,957,10250
412924,915,300-StarWaterDevil,934,961,10250
427819,915,300-StarWaterDevil,929,960,10250
424856,915,300-StarWaterDevil,927,959,10250
455746,915,300-StarWaterDevil,932,962,10250
427837,915,300-StarWaterDevil,941,959,10250
428438,915,300-StarWaterDevil,943,957,10250
420524,915,300-StarWaterDevil,936,960,10250
427829,915,300-StarWaterDevil,925,969,10250
412909,915,300-StarWaterDevil,929,970,10250
430386,915,300-StarWaterDevil,931,969,10250
429592,915,300-StarWaterDevil,933,970,10250
427761,915,300-StarWaterDevil,1007,990,10250
430604,915,300-StarWaterDevil,1006,1001,10250
420413,915,300-StarWaterDevil,1019,998,10250
427766,915,300-StarWaterDevil,1015,990,10250
430641,915,300-StarWaterDevil,1012,997,10250
404712,915,300-StarWaterDevil,1012,990,10250
419899,915,300-StarWaterDevil,1018,991,10250
430706,915,300-StarWaterDevil,1009,989,10250
409889,915,300-StarWaterDevil,1006,981,10250
403481,915,300-StarWaterDevil,1000,984,10250
430662,915,300-StarWaterDevil,1006,986,10250
427480,915,300-StarWaterDevil,1005,983,10250
430962,915,300-StarWaterDevil,1011,987,10250
431586,915,300-StarWaterDevil,1010,982,10250
430644,915,300-StarWaterDevil,1008,980,10250
430704,915,300-StarWaterDevil,1016,984,10250
420167,915,300-StarWaterDevil,979,946,10250
420366,915,300-StarWaterDevil,980,943,10250
420397,915,300-StarWaterDevil,976,945,10250
420142,915,300-StarWaterDevil,983,941,10250
421600,915,300-StarWaterDevil,972,942,10250
418000,915,300-StarWaterDevil,978,942,10250
408198,915,300-StarWaterDevil,976,939,10250
428418,915,300-StarWaterDevil,980,924,10250
420062,915,300-StarWaterDevil,966,942,10250
428442,915,300-StarWaterDevil,970,944,10250
418407,915,300-StarWaterDevil,965,939,10250
428427,915,300-StarWaterDevil,969,929,10250
424883,915,300-StarWaterDevil,967,926,10250
410873,915,300-StarWaterDevil,969,927,10250
425555,915,300-StarWaterDevil,963,928,10250
429009,915,300-StarWaterDevil,966,924,10250
430536,915,WaterDevil,863,1043,10250
430568,915,WaterDevil,863,1041,10250
430462,915,WaterDevil,870,1040,10250
430651,915,WaterDevil,868,1037,10250
417367,915,WaterDevil,865,1039,10250
418032,915,WaterDevil,864,1047,10250
418334,915,WaterDevil,861,1046,10250
418128,915,WaterDevil,859,1042,10250
430389,915,WaterDevil,860,1040,10250
425913,915,WaterDevil,809,1030,10250
418950,915,WaterDevil,811,1029,10250
426217,915,WaterDevil,805,1033,10250
428534,915,WaterDevil,808,1027,10250
428413,915,WaterDevil,804,1031,10250
441716,915,WaterDevil,799,1043,10250
429064,915,WaterDevil,807,1035,10250
441907,915,WaterDevil,808,1041,10250
429050,915,WaterDevil,801,1027,10250
441767,915,WaterDevil,799,1024,10250
407996,915,WaterDevil,792,1045,10250
441888,915,WaterDevil,790,1033,10250
443109,915,WaterDevil,790,1035,10250
408889,915,WaterDevil,789,1037,10250
417779,915,WaterDevil,790,1026,10250
418051,915,WaterDevil,790,1039,10250
433021,915,WaterDevil,792,1025,10250
434455,915,WaterDevil,792,1025,10250
442349,915,WaterDevil,796,1033,10250
441756,915,WaterDevil,793,1031,10250
441852,915,WaterDevil,793,1042,10250
442275,915,WaterDevil,793,1042,10250
413677,915,WaterDevil,785,1048,10250
441903,915,WaterDevil,784,1044,10250
442336,915,WaterDevil,780,1044,10250
417948,915,WaterDevil,786,1032,10250
417938,915,WaterDevil,784,1025,10250
417481,915,WaterDevil,776,1025,10250
442304,915,WaterDevil,778,1032,10250
408841,915,WaterDevil,774,1032,10250
417811,915,WaterDevil,774,1033,10250
417878,915,WaterDevil,774,1043,10250
445137,915,WaterDevil,782,1071,10250
432869,915,WaterDevil,809,1089,10250
428530,915,WaterDevil,806,1095,10250
441732,915,WaterDevil,801,1100,10250
442514,915,WaterDevil,809,1107,10250
429363,915,WaterDevil,809,1098,10250
442666,915,WaterDevil,814,1093,10250
427838,915,WaterDevil,813,1089,10250
442223,915,WaterDevil,815,1091,10250
441703,915,WaterDevil,814,1101,10250
432748,915,WaterDevil,812,1107,10250
428408,915,WaterDevil,810,1104,10250
441718,915,WaterDevil,821,1090,10250
441616,915,WaterDevil,819,1105,10250
441820,915,WaterDevil,819,1102,10250
427271,915,WaterDevil,817,1105,10250
429403,915,WaterDevil,818,1098,10250
439585,915,WaterDevil,823,1151,10250
437873,915,WaterDevil,822,1153,10250
439579,915,WaterDevil,818,1155,10250
428265,915,WaterDevil,826,1152,10250
428616,915,WaterDevil,825,1154,10250
428366,915,WaterDevil,829,1146,10250
430476,915,WaterDevil,817,1150,10250
430508,915,WaterDevil,819,1146,10250
441898,915,WaterDevil,827,1157,10250
441016,915,WaterDevil,831,1179,10250
429788,915,WaterDevil,850,1208,10250
430329,915,WaterDevil,858,1207,10250
430987,915,WaterDevil,858,1213,10250
431644,915,WaterDevil,847,1208,10250
431715,915,WaterDevil,846,1218,10250
431891,915,WaterDevil,856,1211,10250
425808,915,WaterDevil,856,1215,10250
425862,915,WaterDevil,850,1210,10250
427334,915,WaterDevil,852,1218,10250
431012,915,WaterDevil,845,1216,10250
430777,915,WaterDevil,853,1227,10250
430798,915,WaterDevil,855,1229,10250
425976,915,WaterDevil,857,1229,10250
428177,915,WaterDevil,849,1226,10250
408082,915,WaterDevil,841,1229,10250
430910,915,WaterDevil,847,1223,10250
425776,915,WaterDevil,892,1251,10250
412921,915,WaterDevil,893,1249,10250
412927,915,WaterDevil,888,1249,10250
412994,915,WaterDevil,890,1251,10250
417575,915,WaterDevil,893,1253,10250
412931,915,WaterDevil,889,1254,10250
417502,915,WaterDevil,893,1257,10250
414341,915,WaterDevil,891,1255,10250
417874,915,WaterDevil,897,1256,10250
428292,915,WaterDevil,910,1278,10250
418257,915,WaterDevil,954,1255,10250
406733,915,WarDevil,972,1233,10250
408900,915,WaterDevil,981,1234,10250
412922,915,WaterDevil,988,1240,10250
417689,915,WaterDevil,983,1235,10250
413933,915,WaterDevil,989,1238,10250
453003,915,WaterDevil,991,1236,10250
418236,915,WaterDevil,992,1234,10250
418119,915,WaterDevil,990,1240,10250
449121,915,WaterDevil,977,1231,10250
450330,915,WaterDevil,974,1225,10250
408904,915,WaterDevil,992,1231,10250
419134,915,WaterDevil,974,1219,10250
428244,915,WaterDevil,977,1173,10250
445871,915,WaterDevil,979,1170,10250
448761,915,WaterDevil,966,1218,10250
449228,915,WaterDevil,966,1221,10250
450084,915,WaterDevil,971,1219,10250
432252,915,WaterDevil,939,1210,10250
407761,915,WaterDevil,935,1215,10250
428333,915,WaterDevil,926,1159,10250
428367,915,WaterDevil,929,1158,10250
430963,915,WaterDevil,921,1154,10250
418252,915,WaterDevil,922,1158,10250
430922,915,WaterDevil,915,1159,10250
418523,915,WaterDevil,915,1152,10250
429358,915,WaterDevil,918,1156,10250
430734,915,WaterDevil,901,1186,10250
429652,915,WaterDevil,919,1147,10250
430519,915,WaterDevil,918,1150,10250
436810,915,WaterDevil,896,1131,10250
440567,915,WaterDevil,881,1099,10250
418262,915,WaterDevil,867,1101,10250
432943,915,WaterDevil,864,1100,10250
432983,915,WaterDevil,875,1083,10250
433072,915,WaterDevil,881,1092,10250
440981,915,WaterDevil,867,1091,10250
441646,915,WaterDevil,870,1089,10250
417509,915,WaterDevil,871,1094,10250
418613,915,WaterDevil,873,1086,10250
433905,915,WaterDevil,873,1090,10250
441488,915,WaterDevil,876,1095,10250
432884,915,WaterDevil,868,1086,10250
418462,915,WaterDevil,875,1081,10250
433007,915,WaterDevil,863,1102,10250
419041,915,WaterDevil,864,1086,10250
427737,915,WaterDevil,898,1080,10250
418667,915,WaterDevil,877,1086,10250
436412,915,WaterDevil,831,1063,10250
431729,915,WaterDevil,881,1203,10250
450401,915,WaterDevil,968,1225,10250
449464,915,WaterDevil,964,1230,10250
449767,915,WaterDevil,964,1229,10250
432138,915,WaterDevil,937,1231,10250
407890,915,WaterDevil,935,1231,10250
407815,915,WaterDevil,927,1209,10250
408092,915,WaterDevil,926,1220,10250
432845,915,WaterDevil,918,1219,10250
406717,915,WaterDevil,916,1213,10250
431974,915,WaterDevil,916,1219,10250
431580,915,WaterDevil,900,1192,10250
431863,915,WaterDevil,899,1190,10250
428362,915,WaterDevil,895,1200,10250
427443,915,WaterDevil,894,1193,10250
434967,915,WaterDevil,860,1147,10250
427463,915,WaterDevil,891,1188,10250
429325,915,WaterDevil,889,1190,10250
407385,915,WaterDevil,915,1210,10250
407753,915,WaterDevil,919,1227,10250
431896,915,WaterDevil,925,1226,10250
407956,915,WaterDevil,931,1227,10250
407416,915,WaterDevil,917,1225,10250
428444,915,WaterDevil,886,1199,10250
428651,915,WaterDevil,891,1192,10250
445673,915,WaterDevil,977,1160,10250
446164,915,WaterDevil,977,1166,10250
428411,915,WaterDevil,984,1163,10250
445668,915,WaterDevil,983,1166,10250
428336,915,WaterDevil,989,1166,10250
445691,915,WaterDevil,990,1171,10250
445761,915,WaterDevil,986,1170,10250
420273,915,WaterDevil,991,1233,10250
419176,915,WaterDevil,977,1228,10250
430499,915,WaterDevil,981,1230,10250
420352,915,WaterDevil,983,1234,10250
420537,915,WaterDevil,981,1233,10250
422969,915,WaterDevil,987,1233,10250
430580,915,WaterDevil,981,1243,10250
420220,915,WaterDevil,982,1238,10250
422877,915,WaterDevil,987,1241,10250
419162,915,WaterDevil,969,1225,10250
450425,915,WaterDevil,671,932,10250
448770,915,WaterDevil,658,929,10250
431079,915,WaterDevil,651,892,10250
413944,915,WaterDevil,666,889,10250
409490,915,WaterDevil,666,883,10250
455833,915,WaterDevil,666,894,10250
450876,915,WaterDevil,655,932,10250
450392,915,WaterDevil,653,933,10250
455767,915,WaterDevil,646,886,10250
431638,915,WaterDevil,656,885,10250
408910,915,WaterDevil,653,887,10250
431952,915,WaterDevil,652,882,10250
454298,915,WaterDevil,648,887,10250
429492,915,WaterDevil,659,878,10250
455786,915,WaterDevil,648,881,10250
453905,915,WaterDevil,652,877,10250
431872,915,WaterDevil,664,881,10250
453151,915,WaterDevil,617,875,10250
444793,915,WaterDevil,623,870,10250
445115,915,WaterDevil,620,874,10250
449033,915,WaterDevil,614,872,10250
453738,915,WaterDevil,661,872,10250
453807,915,WaterDevil,650,875,10250
421642,915,WaterDevil,611,869,10250
449032,915,WaterDevil,610,864,10250
447111,915,WaterDevil,604,862,10250
447133,915,WaterDevil,615,857,10250
448852,915,WaterDevil,614,861,10250
408057,915,WaterDevil,616,880,10250
445214,915,WaterDevil,616,867,10250
446644,915,WaterDevil,621,867,10250
437469,915,WaterDevil,607,872,10250
445038,915,WaterDevil,605,874,10250
422951,915,WaterDevil,605,871,10250
446852,915,WaterDevil,605,857,10250
454430,915,WaterDevil,668,875,10250
449897,915,WaterDevil,672,937,10250
450120,915,WaterDevil,674,936,10250
449460,915,WaterDevil,675,946,10250
448147,915,WaterDevil,674,951,10250
450409,915,WaterDevil,672,944,10250
450755,915,WaterDevil,666,944,10250
448212,915,WaterDevil,672,946,10250
448094,915,WaterDevil,677,952,10250
450782,915,WaterDevil,657,938,10250
448798,915,WaterDevil,660,949,10250
448971,915,WaterDevil,659,938,10250
450441,915,WaterDevil,661,936,10250
441566,915,WaterDevil,526,737,10250
435483,915,WaterDevil,529,739,10250
443658,915,WaterDevil,537,741,10250
436903,915,WaterDevil,515,743,10250
433886,915,WaterDevil,520,738,10250
445846,915,WaterDevil,507,729,10250
434669,915,WaterDevil,520,724,10250
435260,915,WaterDevil,517,734,10250
434234,915,WaterDevil,520,721,10250
446690,915,WaterDevil,504,726,10250
433936,915,WaterDevil,526,730,10250
435490,915,WaterDevil,530,727,10250
433946,915,WaterDevil,523,730,10250
440370,915,WaterDevil,532,727,10250
442293,915,WaterDevil,524,733,10250
433882,915,WaterDevil,529,729,10250
433931,915,WaterDevil,527,724,10250
446871,915,WaterDevil,501,729,10250
445829,915,WaterDevil,497,722,10250
447541,915,WaterDevil,502,722,10250
444866,915,WaterDevil,502,720,10250
444988,915,WaterDevil,494,715,10250
444827,915,WaterDevil,501,713,10250
445851,915,WaterDevil,502,717,10250
444046,915,WaterDevil,492,719,10250
444910,915,WaterDevil,506,719,10250
443918,915,WaterDevil,509,718,10250
443947,915,WaterDevil,504,719,10250
436970,915,WaterDevil,524,720,10250
445044,915,WaterDevil,498,725,10250
444979,915,WaterDevil,493,725,10250
444945,915,WaterDevil,499,727,10250
455962,915,300-StarWaterDevil,338,620,10250
418356,915,300-StarWaterDevil,292,595,10250
413607,915,300-StarWaterDevil,303,588,10250
418317,915,300-StarWaterDevil,304,585,10250
408884,915,300-StarWaterDevil,309,589,10250
408058,915,300-StarWaterDevil,307,595,10250
418401,915,300-StarWaterDevil,297,584,10250
418412,915,300-StarWaterDevil,292,581,10250
418429,915,300-StarWaterDevil,296,588,10250
418899,915,300-StarWaterDevil,288,587,10250
418324,915,300-StarWaterDevil,291,587,10250
418420,915,300-StarWaterDevil,298,586,10250
409864,915,300-StarWaterDevil,291,576,10250
418256,915,300-StarWaterDevil,295,591,10250
408978,915,300-StarWaterDevil,301,590,10250
412011,915,300-StarWaterDevil,287,580,10250
421646,915,300-StarWaterDevil,243,558,10250
431709,915,300-StarWaterDevil,269,544,10250
436489,915,300-StarWaterDevil,209,571,10250
419703,915,300-StarWaterDevil,214,573,10250
425492,915,300-StarWaterDevil,213,564,10250
430385,915,300-StarWaterDevil,206,571,10250
441670,915,300-StarWaterDevil,214,575,10250
438520,915,300-StarWaterDevil,207,574,10250
419614,915,300-StarWaterDevil,205,575,10250
440564,915,300-StarWaterDevil,205,567,10250
447183,915,300-StarWaterDevil,202,574,10250
440528,915,300-StarWaterDevil,185,487,10250
442259,915,300-StarWaterDevil,189,488,10250
430773,915,300-StarWaterDevil,183,474,10250
430610,915,300-StarWaterDevil,192,479,10250
441714,915,300-StarWaterDevil,197,484,10250
441773,915,300-StarWaterDevil,195,473,10250
441874,915,300-StarWaterDevil,184,470,10250
449106,915,300-StarWaterDevil,188,471,10250
447693,915,300-StarWaterDevil,192,456,10250
420481,915,300-StarWaterDevil,197,459,10250
434529,915,300-StarWaterDevil,192,447,10250
417973,915,300-StarWaterDevil,192,449,10250
425641,915,300-StarWaterDevil,177,411,10250
420070,915,300-StarWaterDevil,194,436,10250
447380,915,300-StarWaterDevil,193,441,10250
419803,915,300-StarWaterDevil,202,406,10250
425838,915,300-StarWaterDevil,201,399,10250
418848,915,300-StarWaterDevil,199,447,10250
420145,915,300-StarWaterDevil,210,437,10250
420539,915,300-StarWaterDevil,210,437,10250
434814,915,300-StarWaterDevil,201,446,10250
419955,915,300-StarWaterDevil,212,399,10250
430946,915,300-StarWaterDevil,208,399,10250
425502,915,300-StarWaterDevil,214,413,10250
403559,915,300-StarWaterDevil,215,398,10250
419929,915,300-StarWaterDevil,216,407,10250
425856,915,300-StarWaterDevil,217,405,10250
425014,915,300-StarWaterDevil,214,417,10250
407993,915,300-StarWaterDevil,219,399,10250
408033,915,300-StarWaterDevil,222,396,10250
418754,915,300-StarWaterDevil,224,398,10250
417382,915,300-StarWaterDevil,219,405,10250
425251,915,300-StarWaterDevil,213,391,10250
425590,915,300-StarWaterDevil,225,394,10250
435336,915,300-StarWaterDevil,216,457,10250
430388,915,300-StarWaterDevil,212,585,10250
425486,304,MeteorDove,205,593,10250
441667,915,300-StarWaterDevil,222,580,10250
441015,915,300-StarWaterDevil,218,585,10250
441771,915,300-StarWaterDevil,207,577,10250
418185,915,300-StarWaterDevil,226,586,10250
