13460,3967,NightSpecter,383,596,10137
13460,3967,NightSpecter,375,594,10137
30492,3967,NightSpecter,415,658,10137
45351,3967,NightSpecter,445,700,10137
47362,3967,NightSpecter,448,696,10137
20343,3967,NightSpecter,447,700,10137
21423,3967,NightSpecter,448,698,10137
12393,3967,NightSpecter,456,674,10137
11225,3967,NightSpecter,465,695,10137
23879,3967,NightSpecter,459,696,10137
35696,3967,NightSpecter,442,699,10137
47978,3967,NightSpecter,440,697,10137
35905,3967,NightSpecter,476,678,10137
25518,3967,NightSpecter,468,699,10137
14265,3967,NightSpecter,468,695,10137
13471,3967,NightSpecter,461,707,10137
14385,3967,NightSpecter,461,704,10137
19416,3967,NightSpecter,451,704,10137
20290,3967,NightSpecter,454,707,10137
20841,3967,NightSpecter,458,707,10137
32142,3967,NightSpecter,456,705,10137
23786,3967,NightSpecter,457,702,10137
35909,3967,NightSpecter,440,705,10137
11267,3967,NightSpecter,445,703,10137
20093,3967,NightSpecter,448,705,10137
26367,3967,NightSpecter,449,703,10137
20796,3967,NightSpecter,449,707,10137
35696,3967,NightSpecter,442,700,10137
38713,3967,NightSpecter,459,711,10137
39496,3967,NightSpecter,453,710,10137
12237,3967,NightSpecter,461,712,10137
30264,3967,NightSpecter,465,717,10137
21023,3967,NightSpecter,457,709,10137
25522,3967,NightSpecter,455,714,10137
26175,3967,NightSpecter,460,714,10137
23862,3967,NightSpecter,462,709,10137
24288,3967,NightSpecter,447,717,10137
47093,3967,NightSpecter,448,713,10137
7643,3967,NightSpecter,444,714,10137
39625,3967,NightSpecter,445,709,10137
19200,3967,NightSpecter,442,713,10137
21594,3967,NightSpecter,443,717,10137
21771,3967,NightSpecter,445,711,10137
26140,3967,NightSpecter,442,711,10137
21688,3967,NightSpecter,442,708,10137
36691,3967,NightSpecter,452,724,10137
29329,3967,NightSpecter,457,722,10137
21647,3967,NightSpecter,452,721,10137
29845,3967,NightSpecter,459,723,10137
32628,3967,NightSpecter,464,720,10137
24257,3967,NightSpecter,448,724,10137
47664,3967,NightSpecter,442,719,10137
28122,3967,NightSpecter,445,719,10137
43030,3967,NightSpecter,462,718,10137
26132,3967,NightSpecter,457,719,10137
21594,3967,NightSpecter,442,717,10137
26140,3967,NightSpecter,442,710,10137
29329,3967,NightSpecter,454,721,10137
38713,3967,NightSpecter,456,717,10137
23862,3967,NightSpecter,457,715,10137
32142,3967,NightSpecter,457,705,10137
26132,3967,NightSpecter,455,719,10137
29845,3967,NightSpecter,455,723,10137
26175,3967,NightSpecter,457,720,10137
11267,3967,NightSpecter,441,707,10137
12237,3967,NightSpecter,459,717,10137
14385,3967,NightSpecter,462,705,10137
30264,3967,NightSpecter,464,716,10137
25518,3967,NightSpecter,464,708,10137
32628,3967,NightSpecter,463,719,10137
43030,3967,NightSpecter,459,721,10137
35909,3967,NightSpecter,436,709,10137
21688,3967,NightSpecter,440,709,10137
39496,3967,NightSpecter,453,709,10137
19416,3967,NightSpecter,451,703,10137
29845,3967,NightSpecter,456,722,10137
11225,3967,NightSpecter,464,694,10137
31352,3967,NightSpecter,508,693,10137
32154,3967,NightSpecter,509,695,10137
40392,3967,NightSpecter,505,696,10137
45291,3967,NightSpecter,507,698,10137
22113,3967,NightSpecter,506,693,10137
21398,3967,NightSpecter,509,716,10137
22629,3967,NightSpecter,505,706,10137
12386,3967,NightSpecter,509,713,10137
47885,3967,NightSpecter,507,714,10137
23821,3967,NightSpecter,505,719,10137
31490,3967,NightSpecter,509,704,10137
21409,3967,NightSpecter,510,699,10137
21927,3967,NightSpecter,512,697,10137
24383,3967,NightSpecter,510,701,10137
28104,3967,NightSpecter,520,694,10137
31727,3967,NightSpecter,520,694,10137
31966,3967,NightSpecter,515,700,10137
33038,3967,NightSpecter,518,695,10137
47781,3967,NightSpecter,517,701,10137
41313,3967,NightSpecter,510,692,10137
13257,3967,NightSpecter,515,690,10137
13294,3967,NightSpecter,521,700,10137
39956,3967,NightSpecter,522,709,10137
20974,3967,NightSpecter,516,706,10137
28097,3967,NightSpecter,520,703,10137
29265,3967,NightSpecter,512,703,10137
30452,3967,NightSpecter,512,703,10137
31176,3967,NightSpecter,510,707,10137
31444,3967,NightSpecter,519,713,10137
32901,3967,NightSpecter,514,706,10137
36776,3967,NightSpecter,519,718,10137
39278,3967,NightSpecter,520,716,10137
39760,3967,NightSpecter,512,709,10137
47222,3967,NightSpecter,517,716,10137
47786,3967,NightSpecter,518,703,10137
10745,3967,NightSpecter,513,712,10137
31490,3967,NightSpecter,510,705,10137
13550,3967,NightSpecter,530,695,10137
38069,3967,NightSpecter,529,691,10137
29198,3967,NightSpecter,524,691,10137
30013,3967,NightSpecter,529,697,10137
20477,3967,NightSpecter,529,700,10137
29881,3967,NightSpecter,523,693,10137
47886,3967,NightSpecter,528,694,10137
22615,3967,NightSpecter,523,706,10137
22803,3967,NightSpecter,531,713,10137
30099,3967,NightSpecter,527,704,10137
36676,3967,NightSpecter,527,707,10137
33431,3967,NightSpecter,533,697,10137
43810,3967,NightSpecter,533,716,10137
21398,3967,NightSpecter,511,715,10137
12386,3967,NightSpecter,503,705,10137
35053,3967,NightSpecter,494,671,10137
12431,3967,NightSpecter,522,674,10137
22615,3967,NightSpecter,522,704,10137
10745,3967,NightSpecter,516,704,10137
31352,3967,NightSpecter,510,691,10137
32154,3967,NightSpecter,510,693,10137
22803,3967,NightSpecter,531,712,10137
21398,3967,NightSpecter,512,712,10137
20974,3967,NightSpecter,517,706,10137
31176,3967,NightSpecter,513,707,10137
31444,3967,NightSpecter,517,709,10137
39278,3967,NightSpecter,517,711,10137
47222,3967,NightSpecter,515,712,10137
47786,3967,NightSpecter,518,704,10137
39956,3967,NightSpecter,520,709,10137
13294,3967,NightSpecter,520,703,10137
36776,3967,NightSpecter,519,716,10137
47885,3967,NightSpecter,506,713,10137
43810,3967,NightSpecter,529,716,10137
32901,3967,NightSpecter,515,702,10137
33274,3967,NightSpecter,546,737,10137
7262,3967,NightSpecter,547,741,10137
39492,3967,NightSpecter,540,740,10137
40756,3967,NightSpecter,551,739,10137
22089,3967,NightSpecter,544,739,10137
39173,3967,NightSpecter,555,750,10137
18320,3967,NightSpecter,547,743,10137
30516,3967,NightSpecter,557,746,10137
13523,3967,NightSpecter,554,742,10137
46582,3967,NightSpecter,543,742,10137
13247,3967,NightSpecter,552,746,10137
13507,3967,NightSpecter,557,754,10137
42016,3967,NightSpecter,540,742,10137
32917,3967,NightSpecter,558,737,10137
42320,3967,NightSpecter,560,743,10137
16051,3967,NightSpecter,558,739,10137
41748,3967,NightSpecter,550,747,10137
15959,3967,NightSpecter,545,744,10137
13510,3967,NightSpecter,547,747,10137
32335,3967,NightSpecter,541,748,10137
40936,3967,NightSpecter,539,748,10137
32272,3967,NightSpecter,539,744,10137
42731,3967,NightSpecter,563,748,10137
43774,3967,NightSpecter,564,751,10137
40460,3967,NightSpecter,566,745,10137
20334,3967,NightSpecter,561,748,10137
17411,3967,NightSpecter,562,755,10137
13497,3967,NightSpecter,541,758,10137
17903,3967,NightSpecter,557,760,10137
32254,3967,NightSpecter,543,757,10137
42828,3967,NightSpecter,552,758,10137
21563,3967,NightSpecter,556,758,10137
37204,3967,NightSpecter,557,756,10137
40758,3967,NightSpecter,567,764,10137
32781,3967,NightSpecter,562,759,10137
35701,3967,NightSpecter,566,758,10137
18507,3967,NightSpecter,548,753,10137
42436,3967,NightSpecter,545,755,10137
38572,3967,NightSpecter,540,752,10137
40513,3967,NightSpecter,540,755,10137
13531,3967,NightSpecter,540,764,10137
20494,3967,NightSpecter,546,763,10137
40612,3967,NightSpecter,544,761,10137
22120,3967,NightSpecter,542,763,10137
32423,3967,NightSpecter,554,762,10137
42406,3967,NightSpecter,556,762,10137
32518,3967,NightSpecter,538,763,10137
19612,3967,NightSpecter,538,761,10137
7317,3967,NightSpecter,562,765,10137
17903,3967,NightSpecter,558,761,10137
16051,3967,NightSpecter,555,744,10137
18320,3967,NightSpecter,548,743,10137
46582,3967,NightSpecter,546,742,10137
32917,3967,NightSpecter,553,742,10137
32254,3967,NightSpecter,551,761,10137
17903,3967,NightSpecter,551,753,10137
7262,3967,NightSpecter,548,740,10137
13523,3967,NightSpecter,552,744,10137
13247,3967,NightSpecter,550,744,10137
40756,3967,NightSpecter,551,740,10137
22089,3967,NightSpecter,546,739,10137
42016,3967,NightSpecter,543,740,10137
33274,3967,NightSpecter,547,736,10137
42731,3967,NightSpecter,567,745,10137
37956,3967,NightSpecter,616,704,10137
37956,3967,NightSpecter,614,710,10137
31725,3967,NightSpecter,649,728,10137
14181,3967,NightSpecter,705,651,10137
41598,3967,NightSpecter,669,631,10137
12491,3967,NightSpecter,734,600,10137
12495,3967,NightSpecter,616,608,10137
12434,3967,NightSpecter,587,612,10137
12433,3967,NightSpecter,552,581,10137
12494,3967,NightSpecter,543,562,10137
28111,3967,NightSpecter,541,540,10137
22248,3967,NightSpecter,529,543,10137
14054,3967,NightSpecter,531,544,10137
36500,3967,NightSpecter,525,542,10137
41850,3967,NightSpecter,523,540,10137
29540,3967,NightSpecter,535,543,10137
7112,3967,NightSpecter,532,542,10137
31196,3967,NightSpecter,527,542,10137
29238,3967,NightSpecter,530,540,10137
34047,3967,NightSpecter,534,522,10137
36387,3967,NightSpecter,535,532,10137
32688,3967,NightSpecter,524,538,10137
18191,3967,NightSpecter,527,538,10137
42767,3967,NightSpecter,564,538,10137
13657,3967,NightSpecter,562,539,10137
13640,3967,NightSpecter,560,538,10137
12623,3967,NightSpecter,525,534,10137
14392,3967,NightSpecter,525,530,10137
14413,3967,NightSpecter,523,531,10137
18193,3967,NightSpecter,532,531,10137
19497,3967,NightSpecter,530,535,10137
26122,3967,NightSpecter,538,531,10137
32742,3967,NightSpecter,531,529,10137
27291,3967,NightSpecter,527,531,10137
40544,3967,NightSpecter,529,528,10137
29186,3967,NightSpecter,525,528,10137
47099,3967,NightSpecter,538,535,10137
41440,3967,NightSpecter,543,530,10137
21400,3967,NightSpecter,541,534,10137
24391,3967,NightSpecter,543,530,10137
26181,3967,NightSpecter,545,527,10137
29335,3967,NightSpecter,543,536,10137
13650,3967,NightSpecter,567,531,10137
31994,3967,NightSpecter,566,529,10137
13646,3967,NightSpecter,564,534,10137
13676,3967,NightSpecter,562,531,10137
40980,3967,NightSpecter,560,531,10137
41209,3967,NightSpecter,572,530,10137
13668,3967,NightSpecter,562,533,10137
13645,3967,NightSpecter,558,532,10137
47620,3967,NightSpecter,559,535,10137
41574,3967,NightSpecter,560,528,10137
13651,3967,NightSpecter,575,527,10137
13643,3967,NightSpecter,568,533,10137
40534,3967,NightSpecter,539,525,10137
25490,3967,NightSpecter,525,525,10137
24959,3967,NightSpecter,524,522,10137
35080,3967,NightSpecter,522,522,10137
19054,3967,NightSpecter,532,518,10137
30472,3967,NightSpecter,536,520,10137
39441,3967,NightSpecter,529,521,10137
21635,3967,NightSpecter,532,521,10137
25450,3967,NightSpecter,537,518,10137
44698,3967,NightSpecter,544,517,10137
41107,3967,NightSpecter,570,516,10137
36962,3967,NightSpecter,574,516,10137
32255,3967,NightSpecter,568,520,10137
13654,3967,NightSpecter,564,517,10137
13664,3967,NightSpecter,565,519,10137
13671,3967,NightSpecter,558,517,10137
13681,3967,NightSpecter,561,516,10137
47718,3967,NightSpecter,575,521,10137
13667,3967,NightSpecter,559,520,10137
13637,3967,NightSpecter,559,525,10137
13658,3967,NightSpecter,559,525,10137
13639,3967,NightSpecter,564,524,10137
13636,3967,NightSpecter,571,524,10137
39093,3967,NightSpecter,562,526,10137
41762,3967,NightSpecter,566,524,10137
13665,3967,NightSpecter,572,516,10137
13633,3967,NightSpecter,568,515,10137
13659,3967,NightSpecter,565,513,10137
47705,3967,NightSpecter,558,515,10137
13661,3967,NightSpecter,574,513,10137
13677,3967,NightSpecter,576,516,10137
13673,3967,NightSpecter,578,515,10137
13652,3967,NightSpecter,578,521,10137
32001,3967,NightSpecter,576,519,10137
13634,3967,NightSpecter,578,528,10137
13674,3967,NightSpecter,579,524,10137
41954,3967,NightSpecter,576,538,10137
39788,3967,NightSpecter,579,536,10137
31793,3967,NightSpecter,580,521,10137
36975,3967,NightSpecter,585,519,10137
32598,3967,NightSpecter,581,525,10137
13660,3967,NightSpecter,585,524,10137
13648,3967,NightSpecter,580,539,10137
41092,3967,NightSpecter,582,536,10137
40980,3967,NightSpecter,559,530,10137
26181,3967,NightSpecter,554,534,10137
13645,3967,NightSpecter,557,531,10137
47620,3967,NightSpecter,557,533,10137
13671,3967,NightSpecter,557,517,10137
21400,3967,NightSpecter,546,533,10137
29335,3967,NightSpecter,546,535,10137
28111,3967,NightSpecter,545,537,10137
32598,3967,NightSpecter,580,523,10137
44698,3967,NightSpecter,544,518,10137
16037,3967,NightSpecter,537,513,10137
31641,3967,NightSpecter,534,513,10137
25450,3967,NightSpecter,535,518,10137
11094,3967,NightSpecter,516,503,10137
36375,3967,NightSpecter,516,487,10137
36808,3967,NightSpecter,504,492,10137
35689,3967,NightSpecter,511,492,10137
24270,3967,NightSpecter,514,496,10137
33462,3967,NightSpecter,508,496,10137
31327,3967,NightSpecter,514,486,10137
20366,3967,NightSpecter,508,486,10137
31701,3967,NightSpecter,504,489,10137
36567,3967,NightSpecter,506,487,10137
29229,3967,NightSpecter,498,491,10137
31789,3967,NightSpecter,496,489,10137
31202,3967,NightSpecter,497,487,10137
31612,3967,NightSpecter,498,502,10137
31482,3967,NightSpecter,500,493,10137
31839,3967,NightSpecter,494,498,10137
32580,3967,NightSpecter,488,497,10137
35809,3967,NightSpecter,494,493,10137
36035,3967,NightSpecter,503,486,10137
31888,3967,NightSpecter,500,486,10137
33293,3967,NightSpecter,501,489,10137
36443,3967,NightSpecter,501,498,10137
37108,3967,NightSpecter,498,496,10137
38537,3967,NightSpecter,493,487,10137
22797,3967,NightSpecter,500,500,10137
23923,3967,NightSpecter,499,489,10137
47431,3967,NightSpecter,489,494,10137
7150,3967,NightSpecter,489,501,10137
31477,3967,NightSpecter,491,498,10137
36505,3967,NightSpecter,488,499,10137
24875,3967,NightSpecter,489,491,10137
19132,3968,DarkSoul,176,483,10137
36671,3968,DarkSoul,173,483,10137
22695,3968,DarkSoul,178,484,10137
19728,3968,DarkSoul,171,484,10137
14009,3968,DarkSoul,176,490,10137
34045,3968,DarkSoul,177,488,10137
21873,3968,DarkSoul,179,487,10137
21889,3968,DarkSoul,175,487,10137
12952,3968,DarkSoul,169,490,10137
30282,3968,DarkSoul,173,486,10137
20678,3968,DarkSoul,169,492,10137
22695,3968,DarkSoul,179,484,10137
14013,3968,DarkSoul,180,477,10137
30211,3968,DarkSoul,180,495,10137
16053,3968,DarkSoul,180,492,10137
30083,3968,DarkSoul,190,481,10137
31343,3968,DarkSoul,184,472,10137
29231,3968,DarkSoul,188,484,10137
41769,3968,DarkSoul,188,478,10137
14242,3968,DarkSoul,185,485,10137
31737,3968,DarkSoul,187,494,10137
34064,3968,DarkSoul,187,490,10137
18024,3968,DarkSoul,183,497,10137
38480,3968,DarkSoul,190,498,10137
17478,3968,DarkSoul,185,489,10137
17354,3968,DarkSoul,181,487,10137
24448,3968,DarkSoul,181,490,10137
42049,3968,DarkSoul,183,486,10137
20323,3968,DarkSoul,192,473,10137
15891,3968,DarkSoul,193,477,10137
36807,3968,DarkSoul,191,477,10137
23722,3968,DarkSoul,193,489,10137
39548,3968,DarkSoul,194,479,10137
40600,3968,DarkSoul,195,471,10137
39675,3968,DarkSoul,196,479,10137
13750,3968,DarkSoul,196,482,10137
18166,3968,DarkSoul,196,485,10137
31849,3968,DarkSoul,199,479,10137
39019,3968,DarkSoul,200,482,10137
30090,3968,DarkSoul,198,472,10137
42278,3968,DarkSoul,199,475,10137
32158,3968,DarkSoul,200,469,10137
29501,3968,DarkSoul,200,477,10137
29914,3968,DarkSoul,199,484,10137
35995,3968,DarkSoul,198,486,10137
29928,3968,DarkSoul,194,495,10137
19498,3968,DarkSoul,196,496,10137
30146,3968,DarkSoul,197,494,10137
36894,3968,DarkSoul,195,487,10137
32110,3968,DarkSoul,197,488,10137
30090,3968,DarkSoul,198,473,10137
20323,3968,DarkSoul,192,472,10137
12952,3968,DarkSoul,170,489,10137
30211,3968,DarkSoul,181,494,10137
31737,3968,DarkSoul,186,493,10137
18024,3968,DarkSoul,183,493,10137
23722,3968,DarkSoul,189,490,10137
17354,3968,DarkSoul,184,491,10137
14009,3968,DarkSoul,178,493,10137
34045,3968,DarkSoul,177,490,10137
21873,3968,DarkSoul,179,490,10137
21889,3968,DarkSoul,175,494,10137
30146,3968,DarkSoul,198,493,10137
38480,3968,DarkSoul,186,495,10137
29994,3968,DarkSoul,219,452,10137
30083,3968,DarkSoul,190,477,10137
31343,3968,DarkSoul,190,471,10137
31343,3968,DarkSoul,190,470,10137
29231,3968,DarkSoul,190,485,10137
32186,3968,DarkSoul,227,488,10137
10822,3968,DarkSoul,240,450,10137
40922,3968,DarkSoul,243,463,10137
25607,3968,DarkSoul,248,459,10137
20594,3968,DarkSoul,243,461,10137
38658,3968,DarkSoul,243,456,10137
42319,3968,DarkSoul,246,462,10137
18289,3968,DarkSoul,250,461,10137
19833,3968,DarkSoul,244,459,10137
37171,3968,DarkSoul,245,457,10137
45179,3968,DarkSoul,250,456,10137
39612,3968,DarkSoul,247,455,10137
18033,3968,DarkSoul,249,447,10137
18980,3968,DarkSoul,246,448,10137
43262,3968,DarkSoul,245,451,10137
24505,3968,DarkSoul,246,453,10137
43845,3968,DarkSoul,244,453,10137
39961,3968,DarkSoul,249,454,10137
31662,3968,DarkSoul,248,450,10137
29994,3968,DarkSoul,218,453,10137
29501,3968,DarkSoul,204,482,10137
29914,3968,DarkSoul,202,481,10137
35995,3968,DarkSoul,204,485,10137
13551,3968,DarkSoul,248,436,10137
31249,3968,DarkSoul,245,442,10137
36516,3968,DarkSoul,248,440,10137
39494,3968,DarkSoul,249,438,10137
30303,3968,DarkSoul,249,442,10137
41553,3968,DarkSoul,243,444,10137
20122,3968,DarkSoul,251,443,10137
35187,3968,DarkSoul,243,435,10137
21057,3968,DarkSoul,200,430,10137
35039,3968,DarkSoul,209,426,10137
19550,3968,DarkSoul,207,424,10137
25616,3968,DarkSoul,202,428,10137
29858,3968,DarkSoul,204,424,10137
37028,3968,DarkSoul,198,430,10137
39436,3968,DarkSoul,202,430,10137
36864,3968,DarkSoul,199,425,10137
23439,3968,DarkSoul,220,430,10137
35985,3968,DarkSoul,217,424,10137
38878,3968,DarkSoul,218,428,10137
25068,3968,DarkSoul,249,434,10137
40939,3968,DarkSoul,244,432,10137
14312,3968,DarkSoul,211,426,10137
21703,3968,DarkSoul,195,423,10137
35720,3968,DarkSoul,197,426,10137
41357,3968,DarkSoul,199,403,10137
47743,3968,DarkSoul,198,407,10137
36979,3968,DarkSoul,214,413,10137
36698,3968,DarkSoul,222,422,10137
14155,3968,DarkSoul,224,416,10137
37016,3968,DarkSoul,220,416,10137
40540,3968,DarkSoul,210,414,10137
39478,3968,DarkSoul,206,416,10137
40455,3968,DarkSoul,210,422,10137
16046,3968,DarkSoul,198,418,10137
42384,3968,DarkSoul,194,428,10137
47652,3968,DarkSoul,196,403,10137
20246,3968,DarkSoul,193,404,10137
42027,3968,DarkSoul,194,401,10137
43715,3968,DarkSoul,196,411,10137
36946,3968,DarkSoul,213,404,10137
44371,3968,DarkSoul,223,402,10137
31234,3968,DarkSoul,221,402,10137
42108,3968,DarkSoul,217,412,10137
13943,3968,DarkSoul,216,403,10137
14171,3968,DarkSoul,218,406,10137
14227,3968,DarkSoul,183,395,10137
42774,3968,DarkSoul,216,416,10137
42938,3968,DarkSoul,223,419,10137
43481,3968,DarkSoul,204,416,10137
43827,3968,DarkSoul,196,412,10137
35985,3968,DarkSoul,216,423,10137
34872,3968,DarkSoul,216,410,10137
47652,3968,DarkSoul,199,398,10137
14155,3968,DarkSoul,221,414,10137
34494,3968,DarkSoul,202,415,10137
37016,3968,DarkSoul,216,418,10137
42938,3968,DarkSoul,221,417,10137
19550,3968,DarkSoul,205,419,10137
40455,3968,DarkSoul,208,417,10137
16046,3968,DarkSoul,199,417,10137
35985,3968,DarkSoul,210,417,10137
29858,3968,DarkSoul,204,422,10137
36698,3968,DarkSoul,217,426,10137
34787,3968,DarkSoul,217,424,10137
38878,3968,DarkSoul,218,429,10137
26164,3968,DarkSoul,260,437,10137
19261,3968,DarkSoul,252,435,10137
17443,3968,DarkSoul,253,438,10137
25068,3968,DarkSoul,250,433,10137
35187,3968,DarkSoul,246,438,10137
40939,3968,DarkSoul,244,436,10137
25456,3968,DarkSoul,265,444,10137
44152,3968,DarkSoul,262,445,10137
40951,3968,DarkSoul,261,447,10137
39953,3968,DarkSoul,255,445,10137
14014,3968,DarkSoul,253,440,10137
41666,3968,DarkSoul,255,441,10137
36550,3968,DarkSoul,253,448,10137
23167,3968,DarkSoul,254,443,10137
20122,3968,DarkSoul,252,445,10137
18033,3968,DarkSoul,250,447,10137
30303,3968,DarkSoul,249,443,10137
41553,3968,DarkSoul,244,445,10137
41509,3968,DarkSoul,252,456,10137
42139,3968,DarkSoul,260,453,10137
13007,3968,DarkSoul,266,456,10137
18207,3968,DarkSoul,254,457,10137
40869,3968,DarkSoul,258,455,10137
22214,3968,DarkSoul,268,454,10137
20790,3968,DarkSoul,253,454,10137
19183,3968,DarkSoul,255,453,10137
30313,3968,DarkSoul,252,451,10137
39438,3968,DarkSoul,254,450,10137
38658,3968,DarkSoul,244,456,10137
19833,3968,DarkSoul,243,458,10137
37171,3968,DarkSoul,246,458,10137
31662,3968,DarkSoul,247,450,10137
38878,3968,DarkSoul,219,430,10137
31249,3968,DarkSoul,244,445,10137
39494,3968,DarkSoul,250,444,10137
25456,3968,DarkSoul,259,442,10137
26164,3968,DarkSoul,258,440,10137
44152,3968,DarkSoul,258,444,10137
40951,3968,DarkSoul,260,446,10137
39438,3968,DarkSoul,258,448,10137
42139,3968,DarkSoul,259,452,10137
13007,3968,DarkSoul,260,454,10137
22214,3968,DarkSoul,261,451,10137
19183,3968,DarkSoul,258,450,10137
31249,3968,DarkSoul,242,447,10137
39494,3968,DarkSoul,249,446,10137
41553,3968,DarkSoul,240,446,10137
30303,3968,DarkSoul,248,444,10137
39953,3968,DarkSoul,257,446,10137
36550,3968,DarkSoul,254,446,10137
40939,3968,DarkSoul,242,444,10137
22688,3968,DarkSoul,245,489,10137
37171,3968,DarkSoul,245,459,10137
43262,3968,DarkSoul,244,451,10137
32186,3968,DarkSoul,226,486,10137
35190,3968,DarkSoul,220,521,10137
33931,3968,DarkSoul,233,550,10137
41621,3968,DarkSoul,256,561,10137
41621,3968,DarkSoul,261,558,10137
42517,3968,DarkSoul,298,556,10137
12618,900,Guard1,146,463,10137
12828,900,Guard1,87,424,10137
12619,900,Guard1,138,470,10137
12269,3969,InfernalGeneral,542,485,10137
39924,3969,InfernalGeneral,517,457,10137
30161,3969,InfernalGeneral,511,454,10137
32545,3969,InfernalGeneral,514,456,10137
37182,3969,InfernalGeneral,514,459,10137
39718,3969,InfernalGeneral,511,454,10137
19137,3969,InfernalGeneral,514,454,10137
12996,3969,InfernalGeneral,515,452,10137
31824,3969,InfernalGeneral,506,457,10137
32545,3969,InfernalGeneral,514,457,10137
13462,3969,InfernalGeneral,498,459,10137
18726,3969,InfernalGeneral,499,453,10137
20112,3969,InfernalGeneral,493,457,10137
22835,3969,InfernalGeneral,498,461,10137
30473,3969,InfernalGeneral,496,451,10137
34649,3969,InfernalGeneral,496,456,10137
35095,3969,InfernalGeneral,494,455,10137
41872,3969,InfernalGeneral,493,453,10137
10811,3969,InfernalGeneral,503,452,10137
17456,3969,InfernalGeneral,491,458,10137
25455,3969,InfernalGeneral,491,452,10137
27242,3969,InfernalGeneral,490,456,10137
34649,3969,InfernalGeneral,497,456,10137
46094,3969,InfernalGeneral,429,409,10137
13000,3969,InfernalGeneral,421,373,10137
43638,3969,InfernalGeneral,419,377,10137
44620,3969,InfernalGeneral,425,377,10137
18836,3969,InfernalGeneral,423,373,10137
36278,3969,InfernalGeneral,411,372,10137
41294,3969,InfernalGeneral,409,372,10137
35268,3969,InfernalGeneral,407,370,10137
36046,3969,InfernalGeneral,412,364,10137
38338,3969,InfernalGeneral,412,377,10137
7466,3969,InfernalGeneral,410,361,10137
31821,3969,InfernalGeneral,424,371,10137
45303,3969,InfernalGeneral,415,364,10137
12955,3969,InfernalGeneral,425,366,10137
34752,3969,InfernalGeneral,418,371,10137
36912,3969,InfernalGeneral,424,369,10137
39235,3969,InfernalGeneral,421,367,10137
13472,3969,InfernalGeneral,422,370,10137
19482,3969,InfernalGeneral,430,367,10137
43346,3969,InfernalGeneral,427,370,10137
36407,3969,InfernalGeneral,431,369,10137
39167,3969,InfernalGeneral,416,368,10137
38330,3969,InfernalGeneral,416,371,10137
7109,3969,InfernalGeneral,433,364,10137
7457,3969,InfernalGeneral,406,372,10137
11136,3969,InfernalGeneral,407,363,10137
14289,3969,InfernalGeneral,407,355,10137
19603,3969,InfernalGeneral,407,352,10137
21622,3969,InfernalGeneral,426,357,10137
42515,3969,InfernalGeneral,430,359,10137
43575,3969,InfernalGeneral,421,359,10137
18512,3969,InfernalGeneral,419,359,10137
38050,3969,InfernalGeneral,429,357,10137
41466,3969,InfernalGeneral,423,359,10137
32432,3969,InfernalGeneral,414,358,10137
7174,3969,InfernalGeneral,435,357,10137
32459,3969,InfernalGeneral,434,359,10137
13016,3969,InfernalGeneral,430,363,10137
12829,3969,InfernalGeneral,425,361,10137
12674,3969,InfernalGeneral,428,361,10137
39666,3969,InfernalGeneral,417,361,10137
13339,3969,InfernalGeneral,415,361,10137
13819,3969,InfernalGeneral,409,356,10137
13600,3969,InfernalGeneral,412,352,10137
18433,3969,InfernalGeneral,420,356,10137
13692,3969,InfernalGeneral,423,355,10137
13803,3969,InfernalGeneral,416,355,10137
32969,3969,InfernalGeneral,429,350,10137
19306,3969,InfernalGeneral,414,352,10137
32185,3969,InfernalGeneral,433,356,10137
12955,3969,InfernalGeneral,421,368,10137
39235,3969,InfernalGeneral,420,370,10137
13472,3969,InfernalGeneral,421,372,10137
18836,3969,InfernalGeneral,421,375,10137
13000,3969,InfernalGeneral,416,366,10137
12674,3969,InfernalGeneral,427,360,10137
19482,3969,InfernalGeneral,427,369,10137
43346,3969,InfernalGeneral,426,371,10137
36278,3969,InfernalGeneral,413,369,10137
39167,3969,InfernalGeneral,413,367,10137
32459,3969,InfernalGeneral,432,358,10137
32969,3969,InfernalGeneral,429,353,10137
35268,3969,InfernalGeneral,406,369,10137
43638,3969,InfernalGeneral,417,373,10137
34752,3969,InfernalGeneral,419,373,10137
38338,3969,InfernalGeneral,414,373,10137
19306,3969,InfernalGeneral,418,348,10137
36395,3969,InfernalGeneral,457,351,10137
39235,3969,InfernalGeneral,419,369,10137
12829,3969,InfernalGeneral,427,362,10137
21622,3969,InfernalGeneral,427,357,10137
43346,3969,InfernalGeneral,427,372,10137
36407,3969,InfernalGeneral,430,370,10137
13016,3969,InfernalGeneral,430,364,10137
12674,3969,InfernalGeneral,430,359,10137
12829,3969,InfernalGeneral,428,362,10137
21622,3969,InfernalGeneral,426,356,10137
43575,3969,InfernalGeneral,424,353,10137
41466,3969,InfernalGeneral,423,358,10137
44620,3969,InfernalGeneral,425,376,10137
31821,3969,InfernalGeneral,424,374,10137
43575,3969,InfernalGeneral,424,352,10137
18512,3969,InfernalGeneral,422,353,10137
13692,3969,InfernalGeneral,420,364,10137
19306,3969,InfernalGeneral,420,350,10137
14289,3969,InfernalGeneral,418,352,10137
39235,3969,InfernalGeneral,419,370,10137
45303,3969,InfernalGeneral,417,361,10137
36395,3969,InfernalGeneral,460,353,10137
32969,3969,InfernalGeneral,443,343,10137
19839,3969,InfernalGeneral,435,293,10137
36872,3969,InfernalGeneral,436,291,10137
34602,3969,InfernalGeneral,443,293,10137
36829,3969,InfernalGeneral,442,293,10137
12500,3969,InfernalGeneral,450,282,10137
33414,3969,InfernalGeneral,484,281,10137
12501,3969,InfernalGeneral,432,249,10137
33414,3969,InfernalGeneral,483,281,10137
38549,3969,InfernalGeneral,444,299,10137
19524,3969,InfernalGeneral,438,303,10137
36596,3969,InfernalGeneral,435,305,10137
38071,3969,InfernalGeneral,436,304,10137
35195,3969,InfernalGeneral,433,303,10137
36598,3969,InfernalGeneral,435,299,10137
20589,3969,InfernalGeneral,418,291,10137
42011,3969,InfernalGeneral,431,302,10137
19548,3969,InfernalGeneral,430,292,10137
18319,3969,InfernalGeneral,426,299,10137
38956,3969,InfernalGeneral,428,289,10137
39110,3969,InfernalGeneral,428,289,10137
40019,3969,InfernalGeneral,422,300,10137
40429,3969,InfernalGeneral,430,301,10137
40667,3969,InfernalGeneral,423,297,10137
44372,3969,InfernalGeneral,430,290,10137
40391,3969,InfernalGeneral,427,294,10137
33391,3969,InfernalGeneral,426,292,10137
24278,3969,InfernalGeneral,426,287,10137
34779,3969,InfernalGeneral,422,287,10137
39940,3969,InfernalGeneral,415,292,10137
36426,3969,InfernalGeneral,417,300,10137
36685,3969,InfernalGeneral,419,288,10137
37659,3969,InfernalGeneral,416,302,10137
39765,3969,InfernalGeneral,417,294,10137
39882,3969,InfernalGeneral,420,304,10137
32536,3969,InfernalGeneral,418,298,10137
12273,3969,InfernalGeneral,414,264,10137
33159,3969,InfernalGeneral,421,287,10137
12500,3969,InfernalGeneral,447,280,10137
39940,3969,InfernalGeneral,416,291,10137
33391,3969,InfernalGeneral,425,291,10137
19548,3969,InfernalGeneral,430,293,10137
40391,3969,InfernalGeneral,428,293,10137
36598,3969,InfernalGeneral,434,299,10137
36829,3969,InfernalGeneral,441,292,10137
33350,3969,InfernalGeneral,426,308,10137
35186,3969,InfernalGeneral,422,310,10137
22813,3969,InfernalGeneral,422,308,10137
19524,3969,InfernalGeneral,437,302,10137
35195,3969,InfernalGeneral,432,304,10137
36848,3969,InfernalGeneral,433,309,10137
39560,3969,InfernalGeneral,439,308,10137
34038,3969,InfernalGeneral,437,311,10137
36048,3969,InfernalGeneral,443,309,10137
34907,3969,InfernalGeneral,432,307,10137
40394,3969,InfernalGeneral,426,305,10137
32394,3969,InfernalGeneral,426,315,10137
32926,3969,InfernalGeneral,420,313,10137
19114,3969,InfernalGeneral,443,312,10137
39195,3969,InfernalGeneral,442,315,10137
40524,3969,InfernalGeneral,436,317,10137
32690,3969,InfernalGeneral,434,316,10137
32954,3969,InfernalGeneral,435,312,10137
34038,3969,InfernalGeneral,438,312,10137
33016,3969,InfernalGeneral,432,313,10137
38549,3969,InfernalGeneral,445,300,10137
36426,3969,InfernalGeneral,418,301,10137
40019,3969,InfernalGeneral,420,302,10137
33350,3969,InfernalGeneral,427,310,10137
40394,3969,InfernalGeneral,427,307,10137
33414,3969,InfernalGeneral,483,283,10137
13136,3969,InfernalGeneral,502,254,10137
13102,3969,InfernalGeneral,505,255,10137
13104,3969,InfernalGeneral,505,257,10137
13120,3969,InfernalGeneral,506,252,10137
12613,3969,InfernalGeneral,514,284,10137
13094,3969,InfernalGeneral,523,256,10137
13099,3969,InfernalGeneral,522,254,10137
13133,3969,InfernalGeneral,527,255,10137
13139,3969,InfernalGeneral,525,253,10137
13107,3969,InfernalGeneral,528,252,10137
13116,3969,InfernalGeneral,529,258,10137
13133,3969,InfernalGeneral,528,255,10137
13095,3969,InfernalGeneral,514,249,10137
13106,3969,InfernalGeneral,506,246,10137
13113,3969,InfernalGeneral,510,248,10137
13121,3969,InfernalGeneral,521,245,10137
13126,3969,InfernalGeneral,514,248,10137
13127,3969,InfernalGeneral,517,250,10137
13138,3969,InfernalGeneral,513,246,10137
13101,3969,InfernalGeneral,508,251,10137
13100,3969,InfernalGeneral,530,250,10137
13103,3969,InfernalGeneral,528,250,10137
13117,3969,InfernalGeneral,526,250,10137
13118,3969,InfernalGeneral,525,246,10137
13119,3969,InfernalGeneral,529,251,10137
13122,3969,InfernalGeneral,522,246,10137
13128,3969,InfernalGeneral,527,244,10137
13137,3969,InfernalGeneral,524,250,10137
13096,3969,InfernalGeneral,504,239,10137
13111,3969,InfernalGeneral,520,242,10137
13123,3969,InfernalGeneral,519,239,10137
13125,3969,InfernalGeneral,511,243,10137
13131,3969,InfernalGeneral,508,237,10137
13132,3969,InfernalGeneral,512,241,10137
13135,3969,InfernalGeneral,512,236,10137
13140,3969,InfernalGeneral,517,234,10137
13141,3969,InfernalGeneral,515,238,10137
13110,3969,InfernalGeneral,525,233,10137
13108,3969,InfernalGeneral,525,243,10137
13128,3969,InfernalGeneral,528,243,10137
13129,3969,InfernalGeneral,525,240,10137
13097,3969,InfernalGeneral,514,229,10137
13105,3969,InfernalGeneral,516,229,10137
13112,3969,InfernalGeneral,518,232,10137
13114,3969,InfernalGeneral,520,232,10137
13130,3969,InfernalGeneral,517,231,10137
13134,3969,InfernalGeneral,521,232,10137
13098,3969,InfernalGeneral,525,230,10137
13109,3969,InfernalGeneral,524,229,10137
13142,3969,InfernalGeneral,530,232,10137
13113,3969,InfernalGeneral,509,248,10137
13121,3969,InfernalGeneral,521,243,10137
13124,3969,InfernalGeneral,503,251,10137
13096,3969,InfernalGeneral,503,239,10137
13115,3969,InfernalGeneral,503,232,10137
13103,3969,InfernalGeneral,528,249,10137
13118,3969,InfernalGeneral,524,243,10137
13095,3969,InfernalGeneral,513,250,10137
13122,3969,InfernalGeneral,521,247,10137
13094,3969,InfernalGeneral,527,260,10137
13099,3969,InfernalGeneral,524,257,10137
13107,3969,InfernalGeneral,528,255,10137
13133,3969,InfernalGeneral,528,258,10137
13139,3969,InfernalGeneral,526,255,10137
12329,3969,InfernalGeneral,556,257,10137
13116,3969,InfernalGeneral,529,262,10137
13055,3969,InfernalGeneral,572,268,10137
13079,3969,InfernalGeneral,572,268,10137
13783,3969,InfernalGeneral,575,267,10137
13050,3969,InfernalGeneral,575,265,10137
13066,3969,InfernalGeneral,575,269,10137
32532,3969,InfernalGeneral,573,270,10137
22976,3969,InfernalGeneral,575,287,10137
38086,3969,InfernalGeneral,572,282,10137
13063,3969,InfernalGeneral,581,264,10137
13087,3969,InfernalGeneral,579,264,10137
13074,3969,InfernalGeneral,579,269,10137
39799,3969,InfernalGeneral,577,268,10137
7293,3969,InfernalGeneral,577,268,10137
13050,3969,InfernalGeneral,576,264,10137
13085,3969,InfernalGeneral,580,275,10137
13992,3969,InfernalGeneral,581,272,10137
13053,3969,InfernalGeneral,581,270,10137
13070,3969,InfernalGeneral,579,273,10137
32191,3969,InfernalGeneral,576,279,10137
36383,3969,InfernalGeneral,577,277,10137
45177,3969,InfernalGeneral,582,279,10137
13051,3969,InfernalGeneral,580,277,10137
31363,3969,InfernalGeneral,583,276,10137
47958,3969,InfernalGeneral,577,275,10137
45177,3969,InfernalGeneral,582,278,10137
41549,3969,InfernalGeneral,583,269,10137
32829,3969,InfernalGeneral,591,266,10137
47313,3969,InfernalGeneral,589,265,10137
47900,3969,InfernalGeneral,583,263,10137
45371,3969,InfernalGeneral,588,268,10137
31639,3969,InfernalGeneral,588,286,10137
40025,3969,InfernalGeneral,588,283,10137
47827,3969,InfernalGeneral,586,271,10137
7179,3969,InfernalGeneral,586,274,10137
13045,3969,InfernalGeneral,590,281,10137
13052,3969,InfernalGeneral,592,284,10137
7369,3969,InfernalGeneral,599,266,10137
13061,3969,InfernalGeneral,600,268,10137
14469,3969,InfernalGeneral,597,287,10137
36738,3969,InfernalGeneral,598,272,10137
41103,3969,InfernalGeneral,602,282,10137
41259,3969,InfernalGeneral,598,278,10137
13075,3969,InfernalGeneral,599,274,10137
13076,3969,InfernalGeneral,600,276,10137
13081,3969,InfernalGeneral,592,261,10137
13049,3969,InfernalGeneral,593,266,10137
13048,3969,InfernalGeneral,578,288,10137
31704,3969,InfernalGeneral,592,288,10137
13064,3969,InfernalGeneral,574,290,10137
7372,3969,InfernalGeneral,599,288,10137
39212,3969,InfernalGeneral,594,290,10137
14469,3969,InfernalGeneral,596,288,10137
13050,3969,InfernalGeneral,580,263,10137
32605,3969,InfernalGeneral,633,281,10137
32489,3969,InfernalGeneral,634,298,10137
12331,3969,InfernalGeneral,666,323,10137
40305,3969,InfernalGeneral,673,333,10137
21506,3969,InfernalGeneral,683,331,10137
33290,3969,InfernalGeneral,670,336,10137
33944,3969,InfernalGeneral,671,331,10137
33290,3969,InfernalGeneral,669,337,10137
29872,3969,InfernalGeneral,673,339,10137
32205,3969,InfernalGeneral,682,341,10137
29921,3969,InfernalGeneral,674,341,10137
19294,3969,InfernalGeneral,676,343,10137
25516,3969,InfernalGeneral,674,350,10137
25581,3969,InfernalGeneral,674,348,10137
26342,3969,InfernalGeneral,674,344,10137
30555,3969,InfernalGeneral,672,356,10137
32357,3969,InfernalGeneral,676,356,10137
32801,3969,InfernalGeneral,672,354,10137
33147,3969,InfernalGeneral,679,355,10137
34533,3969,InfernalGeneral,670,343,10137
21638,3969,InfernalGeneral,679,352,10137
27265,3969,InfernalGeneral,679,358,10137
31633,3969,InfernalGeneral,682,351,10137
33278,3969,InfernalGeneral,678,349,10137
25288,3969,InfernalGeneral,682,349,10137
26258,3969,InfernalGeneral,686,337,10137
32585,3969,InfernalGeneral,684,333,10137
34500,3969,InfernalGeneral,684,341,10137
23726,3969,InfernalGeneral,687,332,10137
25173,3969,InfernalGeneral,689,341,10137
28621,3969,InfernalGeneral,688,330,10137
33311,3969,InfernalGeneral,686,330,10137
32625,3969,InfernalGeneral,696,344,10137
30117,3969,InfernalGeneral,687,353,10137
33421,3969,InfernalGeneral,684,348,10137
36050,3969,InfernalGeneral,688,346,10137
32196,3969,InfernalGeneral,685,358,10137
32866,3969,InfernalGeneral,697,336,10137
32172,3969,InfernalGeneral,690,331,10137
34633,3969,InfernalGeneral,696,334,10137
25491,3969,InfernalGeneral,695,356,10137
28052,3969,InfernalGeneral,692,349,10137
32710,3969,InfernalGeneral,691,355,10137
32155,3969,InfernalGeneral,696,353,10137
34611,3969,InfernalGeneral,693,342,10137
32794,3969,InfernalGeneral,683,360,10137
30555,3969,InfernalGeneral,672,357,10137
33308,3969,InfernalGeneral,699,336,10137
33983,3969,InfernalGeneral,699,337,10137
33048,3969,InfernalGeneral,699,331,10137
35605,3969,InfernalGeneral,699,331,10137
22250,3969,InfernalGeneral,699,333,10137
25317,3969,InfernalGeneral,700,341,10137
35711,3969,InfernalGeneral,700,356,10137
19294,3969,InfernalGeneral,676,342,10137
40305,3969,InfernalGeneral,676,332,10137
29872,3969,InfernalGeneral,676,336,10137
29921,3969,InfernalGeneral,677,338,10137
34533,3969,InfernalGeneral,675,338,10137
25516,3969,InfernalGeneral,673,351,10137
33944,3969,InfernalGeneral,674,329,10137
29872,3969,InfernalGeneral,677,336,10137
32205,3969,InfernalGeneral,680,336,10137
29921,3969,InfernalGeneral,677,339,10137
33278,3969,InfernalGeneral,680,348,10137
7380,3969,InfernalGeneral,642,351,10137
28141,3969,InfernalGeneral,604,379,10137
14235,3969,InfernalGeneral,602,356,10137
42511,3969,InfernalGeneral,565,408,10137
25437,3969,InfernalGeneral,598,432,10137
42281,3969,InfernalGeneral,618,418,10137
30248,3969,InfernalGeneral,622,468,10137
13256,3969,InfernalGeneral,647,507,10137
42732,3969,InfernalGeneral,628,509,10137
7307,3969,InfernalGeneral,652,505,10137
19840,3969,InfernalGeneral,649,512,10137
36574,3969,InfernalGeneral,660,506,10137
44575,3969,InfernalGeneral,650,507,10137
47729,3969,InfernalGeneral,649,514,10137
40520,3969,InfernalGeneral,656,507,10137
13663,3969,InfernalGeneral,649,509,10137
41463,3969,InfernalGeneral,660,518,10137
14015,3969,InfernalGeneral,658,514,10137
17334,3969,InfernalGeneral,655,518,10137
20118,3969,InfernalGeneral,654,512,10137
43259,3969,InfernalGeneral,653,519,10137
41024,3969,InfernalGeneral,657,511,10137
42047,3969,InfernalGeneral,656,513,10137
38094,3969,InfernalGeneral,665,515,10137
20092,3969,InfernalGeneral,664,520,10137
17902,3969,InfernalGeneral,651,525,10137
42535,3969,InfernalGeneral,658,526,10137
42685,3969,InfernalGeneral,652,528,10137
24620,3969,InfernalGeneral,662,529,10137
47526,3969,InfernalGeneral,665,526,10137
42253,3969,InfernalGeneral,656,525,10137
46209,3969,InfernalGeneral,663,522,10137
39181,3969,InfernalGeneral,661,523,10137
12268,3969,InfernalGeneral,629,536,10137
24620,3969,InfernalGeneral,662,528,10137
36438,3969,InfernalGeneral,661,533,10137
46209,3969,InfernalGeneral,662,523,10137
39181,3969,InfernalGeneral,660,524,10137
19664,3969,InfernalGeneral,668,521,10137
13932,3969,InfernalGeneral,669,509,10137
35272,3969,InfernalGeneral,666,517,10137
37176,3969,InfernalGeneral,671,508,10137
38933,3969,InfernalGeneral,670,506,10137
39809,3969,InfernalGeneral,669,515,10137
41307,3969,InfernalGeneral,670,527,10137
47824,3969,InfernalGeneral,671,529,10137
17515,3969,InfernalGeneral,668,524,10137
41589,3969,InfernalGeneral,672,526,10137
39989,3969,InfernalGeneral,669,531,10137
41587,3969,InfernalGeneral,668,531,10137
42340,3969,InfernalGeneral,672,532,10137
12658,3969,InfernalGeneral,666,522,10137
14067,3969,InfernalGeneral,671,522,10137
20951,3969,InfernalGeneral,673,505,10137
17472,3969,InfernalGeneral,676,515,10137
17950,3969,InfernalGeneral,675,513,10137
18755,3969,InfernalGeneral,675,517,10137
39202,3969,InfernalGeneral,673,508,10137
13623,3969,InfernalGeneral,673,530,10137
41589,3969,InfernalGeneral,673,526,10137
46686,3969,InfernalGeneral,674,528,10137
43954,3969,InfernalGeneral,676,522,10137
36438,3969,InfernalGeneral,662,534,10137
47975,3969,InfernalGeneral,702,515,10137
12605,3969,InfernalGeneral,693,559,10137
39406,3969,InfernalGeneral,720,532,10137
7210,3969,InfernalGeneral,721,534,10137
12890,3969,InfernalGeneral,721,537,10137
37194,3969,InfernalGeneral,721,550,10137
41682,3969,InfernalGeneral,721,541,10137
12889,3969,InfernalGeneral,721,543,10137
12854,3969,InfernalGeneral,735,536,10137
12869,3969,InfernalGeneral,729,536,10137
12872,3969,InfernalGeneral,725,530,10137
12892,3969,InfernalGeneral,724,535,10137
12850,3969,InfernalGeneral,731,539,10137
7471,3969,InfernalGeneral,732,533,10137
12881,3969,InfernalGeneral,722,553,10137
12886,3969,InfernalGeneral,727,542,10137
12888,3969,InfernalGeneral,735,544,10137
12896,3969,InfernalGeneral,725,545,10137
12891,3969,InfernalGeneral,733,544,10137
12862,3969,InfernalGeneral,727,540,10137
38102,3969,InfernalGeneral,734,556,10137
38652,3969,InfernalGeneral,728,545,10137
40546,3969,InfernalGeneral,732,555,10137
12864,3969,InfernalGeneral,736,539,10137
12863,3969,InfernalGeneral,736,528,10137
39184,3969,InfernalGeneral,737,530,10137
12860,3969,InfernalGeneral,746,538,10137
12870,3969,InfernalGeneral,746,534,10137
12877,3969,InfernalGeneral,743,536,10137
12867,3969,InfernalGeneral,739,536,10137
12856,3969,InfernalGeneral,747,543,10137
12858,3969,InfernalGeneral,745,547,10137
12861,3969,InfernalGeneral,746,551,10137
12871,3969,InfernalGeneral,743,550,10137
12878,3969,InfernalGeneral,746,555,10137
12882,3969,InfernalGeneral,742,543,10137
12883,3969,InfernalGeneral,741,550,10137
12895,3969,InfernalGeneral,743,545,10137
12855,3969,InfernalGeneral,740,543,10137
12885,3969,InfernalGeneral,745,541,10137
12865,3969,InfernalGeneral,742,555,10137
12857,3969,InfernalGeneral,739,554,10137
39536,3969,InfernalGeneral,743,557,10137
41922,3969,InfernalGeneral,745,545,10137
12873,3969,InfernalGeneral,743,553,10137
12875,3969,InfernalGeneral,740,540,10137
12897,3969,InfernalGeneral,738,544,10137
12868,3969,InfernalGeneral,737,542,10137
7219,3969,InfernalGeneral,736,546,10137
12880,3969,InfernalGeneral,737,549,10137
12876,3969,InfernalGeneral,748,540,10137
7210,3969,InfernalGeneral,722,535,10137
12869,3969,InfernalGeneral,732,537,10137
12608,3969,InfernalGeneral,772,534,10137
12426,3969,InfernalGeneral,781,525,10137
12428,3969,InfernalGeneral,781,561,10137
12426,3969,InfernalGeneral,780,526,10137
12907,3969,InfernalGeneral,764,496,10137
12917,3969,InfernalGeneral,770,497,10137
12921,3969,InfernalGeneral,762,489,10137
12934,3969,InfernalGeneral,759,494,10137
12939,3969,InfernalGeneral,759,489,10137
12918,3969,InfernalGeneral,774,496,10137
12901,3969,InfernalGeneral,764,490,10137
12903,3969,InfernalGeneral,757,487,10137
12922,3969,InfernalGeneral,772,491,10137
12932,3969,InfernalGeneral,770,493,10137
12937,3969,InfernalGeneral,770,489,10137
12942,3969,InfernalGeneral,772,494,10137
12945,3969,InfernalGeneral,768,489,10137
12943,3969,InfernalGeneral,756,494,10137
12909,3969,InfernalGeneral,758,473,10137
12924,3969,InfernalGeneral,759,484,10137
12927,3969,InfernalGeneral,757,481,10137
12915,3969,InfernalGeneral,757,477,10137
12926,3969,InfernalGeneral,770,485,10137
12928,3969,InfernalGeneral,756,485,10137
12930,3969,InfernalGeneral,765,485,10137
12935,3969,InfernalGeneral,774,486,10137
12898,3969,InfernalGeneral,763,477,10137
12899,3969,InfernalGeneral,769,478,10137
12913,3969,InfernalGeneral,760,472,10137
12919,3969,InfernalGeneral,765,479,10137
12923,3969,InfernalGeneral,772,482,10137
12929,3969,InfernalGeneral,766,477,10137
12931,3969,InfernalGeneral,760,478,10137
12933,3969,InfernalGeneral,760,481,10137
12936,3969,InfernalGeneral,772,473,10137
12941,3969,InfernalGeneral,762,481,10137
12946,3969,InfernalGeneral,767,479,10137
12902,3969,InfernalGeneral,774,483,10137
12906,3969,InfernalGeneral,753,489,10137
12912,3969,InfernalGeneral,750,487,10137
12940,3969,InfernalGeneral,752,487,10137
12920,3969,InfernalGeneral,754,491,10137
12908,3969,InfernalGeneral,754,471,10137
12911,3969,InfernalGeneral,750,473,10137
12914,3969,InfernalGeneral,753,479,10137
12916,3969,InfernalGeneral,749,471,10137
12944,3969,InfernalGeneral,755,480,10137
12938,3969,InfernalGeneral,774,471,10137
12900,3969,InfernalGeneral,747,474,10137
12904,3969,InfernalGeneral,748,482,10137
12905,3969,InfernalGeneral,746,472,10137
12910,3969,InfernalGeneral,744,472,10137
12925,3969,InfernalGeneral,748,485,10137
12913,3969,InfernalGeneral,764,463,10137
