7591 1927 368 614 50 50 30 1 25 2416 
7592 1927 205 114 50 50 30 1 30 2416 
7594 1927 237 193 50 50 30 1 30 2416
7595 1927 215 232 50 50 30 1 30 2416
7596 1927 70 259 50 50 30 1 30 2416
7597 1927 124 287 50 50 30 1 30 2416
7598 1927 174 391 50 50 30 1 30 2416
7599 1927 204 458 50 50 30 1 30 2416
7600 1927 266 499 50 50 30 1 30 2416
7601 1927 360 526 50 50 30 1 30 2416
7602 1927 232 78 50 50 30 1 30 2416
7603 1927 381 436 50 50 30 1 30 2416
7604 1927 461 370 50 50 30 1 30 2416
7605 1927 518 344 50 50 30 1 30 2416
7606 1927 361 154 50 50 30 1 30 2416
7607 1927 334 324 50 50 30 1 30 2416
7608 1927 150 160 50 50 30 1 30 2416
7609 1927 465 307 50 50 30 1 30 2416
7610 1927 401 332 50 50 30 1 30 2416
7611 1927 365 325 50 50 30 1 30 2416
7612 1927 288 217 50 50 30 1 30 2416
7613 1762 352 349 50 50 30 1 30 4860 
7614 1762 371 308 50 50 30 1 30 4860 
7615 1762 413 269 50 50 30 1 30 4860 
7616 1762 462 277 50 50 30 1 30 4860 
7617 1762 269 148 50 50 30 1 30 4860 
7618 1762 334 324 50 50 30 1 30 4860 
7619 1762 361 154 50 50 30 1 30 4860 
7620 1762 518 344 50 50 30 1 30 4860 
7621 1762 461 370 50 50 30 1 30 4860 
7622 1762 381 436 50 50 30 1 30 4860 
7623 1762 360 526 50 50 30 1 30 4860 
7624 1762 266 499 50 50 30 1 30 4860 
7625 1762 204 458 50 50 30 1 30 4860 
7626 1762 174 391 50 50 30 1 30 4860 
7627 1762 124 287 50 50 30 1 30 4860 
7628 1762 70 259 50 50 30 1 30 4860 
7629 1762 215 232 50 50 30 1 30 4860 
7630 1762 237 193 50 50 30 1 30 4860 
7631 1762 205 114 50 50 30 1 30 4860 
7632 1762 232 78 50 50 30 1 30 4860 
7633 1762 261 50 50 50 30 1 30 4860 
7634 1999 329 110 50 50 30 10 20 20020 
7635 1999 297 149 50 50 30 10 20 20020 
7636 1999 274 177 50 50 30 10 20 20020 
7637 1999 247 218 50 50 30 10 20 20020 
7638 1999 285 259 50 50 30 10 20 20020 
7639 1999 273 300 50 50 30 10 20 20020 
7640 1999 221 322 50 50 30 10 20 20020 
7641 1999 170 333 50 50 30 10 20 20020 
7642 1999 188 388 50 50 30 10 20 20020 
7643 1999 239 447 50 50 30 10 20 20020 
7644 1999 281 503 50 50 30 10 20 20020 
7645 1999 344 555 50 50 30 10 20 20020 
7646 1999 412 567 50 50 30 10 20 20020 
7647 1999 423 637 50 50 30 10 20 20020 
7648 1999 484 645 50 50 30 10 20 20020 
7649 1999 495 571 50 50 30 10 20 20020 
7650 1999 520 510 50 50 30 10 20 20020 
7651 1999 544 466 50 50 30 10 20 20020 
7652 1999 540 386 50 50 30 10 20 20020 
7653 1999 517 293 50 50 30 10 20 20020 
7654 1999 611 371 50 50 30 10 20 20020 
7655 1999 612 461 50 50 30 10 20 20020 
7656 2054 288 218 50 50 30 10 20 20030 
7657 2054 248 489 50 50 30 10 20 20030 
7658 2054 345 493 50 50 30 10 20 20030 
7659 2054 407 499 50 50 30 10 15 20030 
7660 2054 399 411 50 50 30 10 9 20030 
7661 2054 451 395 50 50 30 10 8 20030 
7662 2054 508 426 50 50 30 10 15 20030 
7663 2054 587 401 50 50 30 10 10 20030 
7664 2054 518 308 50 50 30 10 8 20030 
7665 2054 444 253 50 50 30 10 13 20030 
7666 2054 390 308 50 50 30 10 17 20030 
7667 2054 408 204 50 50 30 10 15 20030 
7668 2054 296 122 50 50 30 10 10 20030 
7669 2054 279 70 50 50 30 10 15 20030 
7670 2055 112 284 50 50 30 10 30 2474 
7671 2055 175 294 50 50 30 10 30 2474 
7672 2055 223 321 50 50 30 10 30 2474 
7673 2055 259 384 50 50 30 10 30 2474 
7674 2055 303 368 50 50 30 10 30 2474 
7675 2055 346 380 50 50 30 10 30 2474 
7676 2055 382 429 50 50 30 10 30 2474 
7678 2055 412 488 50 50 30 10 30 2474 
7679 2055 424 532 50 50 30 10 30 2474 
7680 2055 433 573 50 50 30 10 30 2474 
7681 2055 385 562 50 50 30 10 30 2474 
7682 2055 475 594 50 50 30 10 30 2474 
7683 2055 518 540 50 50 30 10 30 2474 
7684 2055 524 481 50 50 30 10 30 2474 
7685 2055 519 421 50 50 30 10 30 2474 
7686 2055 581 414 50 50 30 10 30 2474 
7687 2055 494 353 50 50 30 10 30 2474 
7688 2055 412 488 50 50 30 10 30 2474 
7689 2055 426 319 50 50 30 10 30 2474 
7690 2055 398 249 50 50 30 10 30 2474 
7691 2055 363 190 50 50 30 10 30 2474 
7692 2055 343 261 50 50 30 10 30 2474 
7693 2055 281 242 50 50 30 10 30 2474 
7694 2055 234 211 50 50 30 10 30 2474 
7695 2055 176 219 50 50 30 10 30 2474 
7696 2055 465 521 0 0 1 900 1 20055 
7697 2055 102 269 0 0 1 900 1 20055  
7698 3071 100 64 5000 5000 40 1 40 7022 
7699 3071 100 64 5000 5000 40 1 40 7022 
7700 1760 5 3 70 70 40 1 40 6016 
7703 1762 352 349 50 50 30 1 30 4860 
7704 1762 371 308 50 50 30 1 30 4860 
7705 1762 413 269 50 50 30 1 30 4860 
7706 1762 462 277 50 50 30 1 30 4860 
7707 1762 269 148 50 50 30 1 30 4860 
7708 1762 334 324 50 50 30 1 30 4860 
7709 1762 361 154 50 50 30 1 30 4860 
7710 1762 518 344 50 50 30 1 30 4860 
7711 1762 461 370 50 50 30 1 30 4860 
7712 1762 381 436 50 50 30 1 30 4860 
7713 1762 360 526 50 50 30 1 30 4860 
7714 1762 266 499 50 50 30 1 30 4860 
7715 1762 204 458 50 50 30 1 30 4860 
7716 1762 174 391 50 50 30 1 30 4860 
7717 1762 124 287 50 50 30 1 30 4860 
7718 1762 70 259 50 50 30 1 30 4860 
7719 1762 215 232 50 50 30 1 30 4860 
7720 1762 237 193 50 50 30 1 30 4860 
7621 1762 205 114 50 50 30 1 30 4860 
7622 1762 232 78 50 50 30 1 30 4860 
7623 1762 261 50 50 50 30 1 30 4860 
7721 1762 252 432 50 50 30 1 30 4860 
7722 1762 292 421 50 50 30 1 30 4860 
7723 1762 444 466 50 50 30 1 30 4860 
7724 1762 483 478 50 50 30 1 30 4860 
7725 1762 473 449 50 50 30 1 30 4860 
7726 1762 514 428 50 50 30 1 30 4860 
7727 1762 415 506 50 50 30 1 30 4860
7728 1762 330 500 50 50 30 1 30 4860  
7729 1762 231 401 50 50 30 1 30 4860 
7730 1762 206 351 50 50 30 1 30 4860 
7731 1762 211 301 50 50 30 1 30 4860
7732 1762 178 292 50 50 30 1 30 4860
7733 1002 547 336 50 50 30 1 30 0001
7734 1002 555 394 50 50 30 1 30 0001
7735 1002 555 460 50 50 30 1 30 0001