8000 15757 144 143 50 50 5 15 15
8001 15757 88 84 50 50 5 15 15
8002 15757 74 68 50 50 5 15 15
8003 15757 63 105 50 50 5 15 15
8004 15757 112 65 50 50 5 15 15
8005 15757 121 169 50 50 5 15 15
8006 15757 170 127 50 50 5 15 15
8007 15757 177 244 50 50 5 15 15
8008 15757 190 203 50 50 5 15 15
8009 15757 232 189 50 50 5 15 15
8010 15757 175 225 50 50 5 15 15
8011 15757 210 187 50 50 5 15 15
8011 15757 62 87 50 50 5 15 15
8012 1015 742 700 50 50 5 30 18
8013 1015 741 741 50 50 5 30 18
8014 1015 693 755 50 50 5 30 18
8015 1015 798 783 50 50 5 20 18
8016 1015 795 657 50 50 5 20 18
8017 1015 822 640 50 50 5 20 18
8018 1927 265 251 50 50 5 20 20010
8019 1927 262 491 50 50 5 20 20010
8020 1927 321 441 50 50 5 20 20010
8021 1927 405 613 50 50 5 20 20010
8022 1927 377 608 50 50 5 20 20010
8023 1927 435 566 50 50 5 20 20010
8024 1762 247 143 50 50 5 30 20000
8025 1762 220 372 50 50 5 30 20000 
8026 1762 238 465 50 50 5 30 20000 
8027 10364 326 376 50 50 5 30 1
8028 10364 347 358 50 50 5 30 1
8029 10364 394 399 50 50 5 30 1
8030 1700 618 660 50 50 5 30 1844
8031 1700 609 688 50 50 5 30 1844
8032 1700 649 699 50 50 5 30 1844
8033 1700 620 740 50 50 5 30 1844
8034 1700 610 788 50 50 5 30 1844
8035 1700 670 776 50 50 5 30 1844
8036 3030 210 434 50 50 5 30 7204
8037 3030 248 394 50 50 5 30 7283
8038 3030 286 329 50 50 5 30 7204
8039 3030 328 300 50 50 5 30 7283
8040 3030 336 250 50 50 5 30 7204
8041 3030 398 302 50 50 5 30 7283
8042 3030 237 334 50 50 5 30 7204
8043 3030 207 222 50 50 5 30 7283
8044 3030 306 238 50 50 5 30 7204
8045 3030 443 232 50 50 5 30 7283
8046 3030 431 435 50 50 5 30 7204
8047 3030 330 426 50 50 5 30 7283
8048 15758 144 143 50 50 5 15 74
8049 15758 88 84 50 50 5 15 74
8050 15758 74 68 50 50 5 15 74
8051 15758 63 105 50 50 5 15 74
8052 15758 112 65 50 50 5 15 74
8053 15758 121 169 50 50 5 15 74
8054 15758 170 127 50 50 5 15 74
8055 15758 177 244 50 50 5 15 74
8056 15758 190 203 50 50 5 15 74
8057 15758 232 189 50 50 5 15 74
8058 15758 175 225 50 50 5 15 74
8059 15758 210 187 50 50 5 15 74
8060 15758 62 87 50 50 5 15 74
8061 15759 144 143 50 50 5 15 15
8062 15759 88 84 50 50 5 15 15
8063 15759 74 68 50 50 5 15 15
8064 15759 63 105 50 50 5 15 15
8065 15759 112 65 50 50 5 15 15
8066 15759 121 169 50 50 5 15 15
8067 15759 170 127 50 50 5 15 15
8068 15759 177 244 50 50 5 15 15
8069 15759 190 203 50 50 5 15 15
8070 15759 232 189 50 50 5 15 15
8071 15759 175 225 50 50 5 15 15
8072 15759 210 187 50 50 5 15 15
8073 15759 62 87 50 50 5 15 15
8074 15760 144 143 50 50 5 15 15
8075 15760 88 84 50 50 5 15 15
8076 15760 74 68 50 50 5 15 15
8077 15760 63 105 50 50 5 15 15
8078 15760 112 65 50 50 5 15 15
8079 15760 121 169 50 50 5 15 15
8080 15760 170 127 50 50 5 15 15
8081 15760 177 244 50 50 5 15 15
8082 15760 190 203 50 50 5 15 15
8083 15760 232 189 50 50 5 15 15
8084 15760 175 225 50 50 5 15 15
8085 15760 210 187 50 50 5 15 15
8086 15760 62 87 50 50 5 15 15
8087 15761 144 143 50 50 5 15 15
8088 15761 88 84 50 50 5 15 15
8089 15761 74 68 50 50 5 15 15
8090 15761 63 105 50 50 5 15 15
8091 15761 112 65 50 50 5 15 15
8092 15761 121 169 50 50 5 15 15
8093 15761 170 127 50 50 5 15 15
8094 15761 177 244 50 50 5 15 15
8095 15761 190 203 50 50 5 15 15
8096 15761 232 189 50 50 5 15 15
8097 15761 175 225 50 50 5 15 15
8098 15761 210 187 50 50 5 15 15
8099 15761 62 87 50 50 5 15 15
8100 15762 144 143 50 50 150 15 15
8101 15762 88 84 50 50 150 15 15
8102 15762 74 68 50 50 150 15 15
8103 15762 63 105 50 50 150 15 15
8104 15762 112 65 50 50 150 15 15
8105 15762 121 169 50 50 150 15 15
8106 15762 170 127 50 50 150 15 15
8107 15762 177 244 50 50 150 15 15
8108 15762 190 203 50 50 150 15 15
8109 15762 232 189 50 50 150 15 15
8110 15762 175 225 50 50 150 15 15
8111 15762 210 187 50 50 150 15 15
8112 15762 62 87 50 50 150 15 15
8113 15763 144 143 50 50 150 15 15
8114 15763 88 84 50 50 150 15 15
8115 15763 74 68 50 50 150 15 15
8116 15763 63 105 50 50 150 15 15
8117 15763 112 65 50 50 150 15 15
8118 15763 121 169 50 50 150 15 15
8119 15763 170 127 50 50 150 15 15
8120 15763 177 244 50 50 150 15 15
8121 15763 190 203 50 50 150 15 15
8122 15763 232 189 50 50 150 15 15
8123 15763 175 225 50 50 150 15 15
8124 15763 210 187 50 50 150 15 15
8125 15763 62 87 50 50 150 15 15
8126 15764 144 143 50 50 150 15 15
8127 15764 88 84 50 50 150 15 15
8128 15764 74 68 50 50 150 15 15
8129 15764 63 105 50 50 150 15 15
8130 15764 112 65 50 50 150 15 15
8131 15764 121 169 50 50 150 15 15
8132 15764 170 127 50 50 150 15 15
8133 15764 177 244 50 50 150 15 15
8134 15764 190 203 50 50 150 15 15
8135 15764 232 189 50 50 150 15 15
8136 15764 175 225 50 50 150 15 15
8137 15764 210 187 50 50 150 15 15
8138 15764 62 87 50 50 150 15 15
8139 15765 144 143 50 50 150 15 15
8140 15765 88 84 50 50 150 15 15
8141 15765 74 68 50 50 150 15 15
8142 15765 63 105 50 50 150 15 15
8143 15765 112 65 50 50 150 15 15
8144 15765 121 169 50 50 150 15 15
8145 15765 170 127 50 50 150 15 15
8146 15765 177 244 50 50 150 15 15
8147 15765 190 203 50 50 150 15 15
8148 15765 232 189 50 50 150 15 15
8149 15765 175 225 50 50 150 15 15
8150 15765 210 187 50 50 150 15 15
8151 15765 62 87 50 50 150 15 15
8152 15766 144 143 50 50 150 15 15
8153 15766 88 84 50 50 150 15 15
8154 15766 74 68 50 50 150 15 15
8155 15766 63 105 50 50 150 15 15
8156 15766 112 65 50 50 150 15 15
8157 15766 121 169 50 50 150 15 15
8158 15766 170 127 50 50 150 15 15
8159 15766 177 244 50 50 150 15 15
8160 15766 190 203 50 50 150 15 15
8161 15766 232 189 50 50 150 15 15
8162 15766 175 225 50 50 150 15 15
8163 15766 210 187 50 50 150 15 15
8164 15766 62 87 50 50 150 15 15
8165 15767 144 143 50 50 150 15 15
8166 15767 88 84 50 50 150 15 15
8167 15767 74 68 50 50 150 15 15
8168 15767 63 105 50 50 150 15 15
8169 15767 112 65 50 50 150 15 15
8170 15767 121 169 50 50 150 15 15
8171 15767 170 127 50 50 150 15 15
8172 15767 177 244 50 50 150 15 15
8173 15767 190 203 50 50 150 15 15
8174 15767 232 189 50 50 150 15 15
8175 15767 175 225 50 50 150 15 15
8176 15767 210 187 50 50 150 15 15
8177 15767 62 87 50 50 150 15 15
8178 15768 144 143 50 50 150 15 15
8179 15768 88 84 50 50 150 15 15
8180 15768 74 68 50 50 150 15 15
8181 15768 63 105 50 50 150 15 15
8182 15768 112 65 50 50 150 15 15
8183 15768 121 169 50 50 150 15 15
8184 15768 170 127 50 50 150 15 15
8185 15768 177 244 50 50 150 15 15
8186 15768 190 203 50 50 150 15 15
8187 15768 232 189 50 50 150 15 15
8188 15768 175 225 50 50 150 15 15
8189 15768 210 187 50 50 150 15 15
8190 15768 62 87 50 50 150 15 15
8012 1015 742 700 50 50 5 30 18
8013 1015 741 741 50 50 5 30 18
8014 1015 693 755 50 50 5 30 18
8015 1015 798 783 50 50 5 20 18
8016 1015 795 657 50 50 5 20 18
8017 1015 822 640 50 50 5 20 18
8018 1927 265 251 50 50 5 20 20010
8019 1927 262 491 50 50 5 20 20010
8020 1927 321 441 50 50 5 20 20010
8021 1927 405 613 50 50 5 20 20010
8022 1927 377 608 50 50 5 20 20010
8023 1927 435 566 50 50 5 20 20010
8024 1762 247 143 50 50 5 30 20000
8025 1762 220 372 50 50 5 30 20000 
8026 1762 238 465 50 50 5 30 20000 
8027 10364 326 376 50 50 5 30 1
8028 10364 347 358 50 50 5 30 1
8029 10364 394 399 50 50 5 30 1
8030 1700 618 660 50 50 5 30 1844
8031 1700 609 688 50 50 5 30 1844
8032 1700 649 699 50 50 5 30 1844
8033 1700 620 740 50 50 5 30 1844
8034 1700 610 788 50 50 5 30 1844
8035 1700 670 776 50 50 5 30 1844
8036 3030 210 434 50 50 5 30 7204
8037 3030 248 394 50 50 5 30 7283
8038 3030 286 329 50 50 5 30 7204
8039 3030 328 300 50 50 5 30 7283
8040 3030 336 250 50 50 5 30 7204
8041 3030 398 302 50 50 5 30 7283
8042 3030 237 334 50 50 5 30 7204
8043 3030 207 222 50 50 5 30 7283
8044 3030 306 238 50 50 5 30 7204
8045 3030 443 232 50 50 5 30 7283
8046 3030 431 435 50 50 5 30 7204
8047 3030 330 426 50 50 5 30 7283
8048 15758 144 143 50 50 5 15 15
8049 15758 88 84 50 50 5 15 15
8050 15758 74 68 50 50 5 15 15
8051 15758 63 105 50 50 5 15 15
8052 15758 112 65 50 50 5 15 15
8053 15758 121 169 50 50 5 15 15
8054 15758 170 127 50 50 5 15 15
8055 15758 177 244 50 50 5 15 15
8056 15758 190 203 50 50 5 15 15
8057 15758 232 189 50 50 5 15 15
8058 15758 175 225 50 50 5 15 15
8059 15758 210 187 50 50 5 15 15
8060 15758 62 87 50 50 5 15 15
8061 15759 144 143 50 50 5 15 15
8062 15759 88 84 50 50 5 15 15
8063 15759 74 68 50 50 5 15 15
8064 15759 63 105 50 50 5 15 15
8065 15759 112 65 50 50 5 15 15
8066 15759 121 169 50 50 5 15 15
8067 15759 170 127 50 50 5 15 15
8068 15759 177 244 50 50 5 15 15
8069 15759 190 203 50 50 5 15 15
8070 15759 232 189 50 50 5 15 15
8071 15759 175 225 50 50 5 15 15
8072 15759 210 187 50 50 5 15 15
8073 15759 62 87 50 50 5 15 15
8074 15760 144 143 50 50 5 15 15
8075 15760 88 84 50 50 5 15 15
8076 15760 74 68 50 50 5 15 15
8077 15760 63 105 50 50 5 15 15
8078 15760 112 65 50 50 5 15 15
8079 15760 121 169 50 50 5 15 15
8080 15760 170 127 50 50 5 15 15
8081 15760 177 244 50 50 5 15 15
8082 15760 190 203 50 50 5 15 15
8083 15760 232 189 50 50 5 15 15
8084 15760 175 225 50 50 5 15 15
8085 15760 210 187 50 50 5 15 15
8086 15760 62 87 50 50 5 15 15
8087 15761 144 143 50 50 5 15 15
8088 15761 88 84 50 50 5 15 15
8089 15761 74 68 50 50 5 15 15
8090 15761 63 105 50 50 5 15 15
8091 15761 112 65 50 50 5 15 15
8092 15761 121 169 50 50 5 15 15
8093 15761 170 127 50 50 5 15 15
8094 15761 177 244 50 50 5 15 15
8095 15761 190 203 50 50 5 15 15
8096 15761 232 189 50 50 5 15 15
8097 15761 175 225 50 50 5 15 15
8098 15761 210 187 50 50 5 15 15
8099 15761 62 87 50 50 5 15 15
8100 15762 144 143 50 50 150 15 15
8101 15762 88 84 50 50 150 15 15
8102 15762 74 68 50 50 150 15 15
8103 15762 63 105 50 50 150 15 15
8104 15762 112 65 50 50 150 15 15
8105 15762 121 169 50 50 150 15 15
8106 15762 170 127 50 50 150 15 15
8107 15762 177 244 50 50 150 15 15
8108 15762 190 203 50 50 150 15 15
8109 15762 232 189 50 50 150 15 15
8110 15762 175 225 50 50 150 15 15
8111 15762 210 187 50 50 150 15 15
8112 15762 62 87 50 50 150 15 15
8113 15763 144 143 50 50 150 15 15
8114 15763 88 84 50 50 150 15 15
8115 15763 74 68 50 50 150 15 15
8116 15763 63 105 50 50 150 15 15
8117 15763 112 65 50 50 150 15 15
8118 15763 121 169 50 50 150 15 15
8119 15763 170 127 50 50 150 15 15
8120 15763 177 244 50 50 150 15 15
8121 15763 190 203 50 50 150 15 15
8122 15763 232 189 50 50 150 15 15
8123 15763 175 225 50 50 150 15 15
8124 15763 210 187 50 50 150 15 15
8125 15763 62 87 50 50 150 15 15
8126 15764 144 143 50 50 150 15 15
8127 15764 88 84 50 50 150 15 15
8128 15764 74 68 50 50 150 15 15
8129 15764 63 105 50 50 150 15 15
8130 15764 112 65 50 50 150 15 15
8131 15764 121 169 50 50 150 15 15
8132 15764 170 127 50 50 150 15 15
8133 15764 177 244 50 50 150 15 15
8134 15764 190 203 50 50 150 15 15
8135 15764 232 189 50 50 150 15 15
8136 15764 175 225 50 50 150 15 15
8137 15764 210 187 50 50 150 15 15
8138 15764 62 87 50 50 150 15 15

8139 15765 144 143 50 50 150 15 15
8140 15765 88 84 50 50 150 15 15
8141 15765 74 68 50 50 150 15 15
8142 15765 63 105 50 50 150 15 15
8143 15765 112 65 50 50 150 15 15
8144 15765 121 169 50 50 150 15 15
8145 15765 170 127 50 50 150 15 15
8146 15765 177 244 50 50 150 15 15
8147 15765 190 203 50 50 150 15 15
8148 15765 232 189 50 50 150 15 15
8149 15765 175 225 50 50 150 15 15
8150 15765 210 187 50 50 150 15 15
8151 15765 62 87 50 50 150 15 15
8152 15766 144 143 50 50 150 15 15
8153 15766 88 84 50 50 150 15 15
8154 15766 74 68 50 50 150 15 15
8155 15766 63 105 50 50 150 15 15
8156 15766 112 65 50 50 150 15 15
8157 15766 121 169 50 50 150 15 15
8158 15766 170 127 50 50 150 15 15
8159 15766 177 244 50 50 150 15 15
8160 15766 190 203 50 50 150 15 15
8161 15766 232 189 50 50 150 15 15
8162 15766 175 225 50 50 150 15 15
8163 15766 210 187 50 50 150 15 15
8164 15766 62 87 50 50 150 15 15
8165 15767 144 143 50 50 150 15 15
8166 15767 88 84 50 50 150 15 15
8167 15767 74 68 50 50 150 15 15
8168 15767 63 105 50 50 150 15 15
8169 15767 112 65 50 50 150 15 15
8170 15767 121 169 50 50 150 15 15
8171 15767 170 127 50 50 150 15 15
8172 15767 177 244 50 50 150 15 15
8173 15767 190 203 50 50 150 15 15
8174 15767 232 189 50 50 150 15 15
8175 15767 175 225 50 50 150 15 15
8176 15767 210 187 50 50 150 15 15
8177 15767 62 87 50 50 150 15 15
8178 15768 144 143 50 50 150 15 15
8179 15768 88 84 50 50 150 15 15
8180 15768 74 68 50 50 150 15 15
8181 15768 63 105 50 50 150 15 15
8182 15768 112 65 50 50 150 15 15
8183 15768 121 169 50 50 150 15 15
8184 15768 170 127 50 50 150 15 15
8185 15768 177 244 50 50 150 15 15
8186 15768 190 203 50 50 150 15 15
8187 15768 232 189 50 50 150 15 15
8188 15768 175 225 50 50 150 15 15
8189 15768 210 187 50 50 150 15 15
8190 15768 62 87 50 50 150 15 15
8191 3860 145 175 50 50 50 50 2436
8192 3860 145 109 50 50 50 50 2436
8193 3860 145 64 50 50 50 50 2436
8194 3860 155 223 50 50 50 50 2436
8195 16785 145 175 50 50 50 50 2436
8196 16785 145 109 50 50 50 50 2436
8197 16785 145 64 50 50 50 50 2436
8198 16785 155 223 50 50 50 50 2436
8199 16786 145 175 50 50 50 50 2436
8200 16786 145 109 50 50 50 50 2436
8201 16786 145 64 50 50 50 50 2436
8202 16786 155 223 50 50 50 50 2436