4448,268,XGenralMonster,179,135,4460
4448,268,XGenralMonster,180,175,4460
4448,268,XGenralMonster,178,214,4460
4448,268,XGenralMonster,145,195,4460
4448,268,XGenralMonster,146,153,4460
4448,268,XGenralMonster,213,153,4460
4448,268,XGenralMonster,213,196,4460
4448,268,XGenralMonster,179,135,4460
4448,268,XGenralMonster,180,175,4460
4448,268,XGenralMonster,178,214,4460
4448,268,XGenralMonster,145,195,4460
4448,268,XGenralMonster,146,153,4460
4448,268,XGenralMonster,213,153,4460
4448,268,XGenralMonster,213,196,4460
4448,268,XGenralMonster,179,135,4460
4448,268,XGenralMonster,180,175,4460
4448,268,XGenralMonster,178,214,4460
4448,268,XGenralMonster,145,195,4460
4448,268,XGenralMonster,146,153,4460
4448,268,XGenralMonster,213,153,4460
4448,268,XGenralMonster,213,196,4460
4448,268,XGenralMonster,179,135,4460
4448,268,XGenralMonster,180,175,4460
4448,268,XGenralMonster,178,214,4460
4448,268,XGenralMonster,145,195,4460
4448,268,XGenralMonster,146,153,4460
4448,268,XGenralMonster,213,153,4460
4448,268,XGenralMonster,213,196,4460
4448,268,XGenralMonster,179,135,4460
4448,268,XGenralMonster,180,175,4460
4448,268,XGenralMonster,178,214,4460
4448,268,XGenralMonster,145,195,4460
4448,268,XGenralMonster,146,153,4460
4448,268,XGenralMonster,213,153,4460
4448,268,XGenralMonster,213,196,4460
4448,268,XGenralMonster,179,135,4460
4448,268,XGenralMonster,180,175,4460
4448,268,XGenralMonster,178,214,4460
4448,268,XGenralMonster,145,195,4460
4448,268,XGenralMonster,146,153,4460
4448,268,XGenralMonster,213,153,4460
4448,268,XGenralMonster,213,196,4460
4448,268,XGenralMonster,179,135,4460
4448,268,XGenralMonster,180,175,4460
4448,268,XGenralMonster,178,214,4460
4448,268,XGenralMonster,145,195,4460
4448,268,XGenralMonster,146,153,4460
4448,268,XGenralMonster,213,153,4460
4448,268,XGenralMonster,213,196,4460
4448,268,XGenralMonster,179,135,4460
4448,268,XGenralMonster,180,175,4460
4448,268,XGenralMonster,178,214,4460
4448,268,XGenralMonster,145,195,4460
4448,268,XGenralMonster,146,153,4460
4448,268,XGenralMonster,213,153,4460
4448,268,XGenralMonster,213,196,4460
4448,268,XGenralMonster,179,135,4460
4448,268,XGenralMonster,180,175,4460
4448,268,XGenralMonster,178,214,4460
4448,268,XGenralMonster,145,195,4460
4448,268,XGenralMonster,146,153,4460
4448,268,XGenralMonster,213,153,4460
4448,268,XGenralMonster,213,196,4460
4448,268,XGenralMonster,179,135,4460
4448,268,XGenralMonster,180,175,4460
4448,268,XGenralMonster,178,214,4460
4448,268,XGenralMonster,145,195,4460
4448,268,XGenralMonster,146,153,4460
4448,268,XGenralMonster,213,153,4460
4448,268,XGenralMonster,213,196,4460
4448,268,XGenralMonster,179,135,4460
4448,268,XGenralMonster,180,175,4460
4448,268,XGenralMonster,178,214,4460
4448,268,XGenralMonster,145,195,4460
4448,268,XGenralMonster,146,153,4460
4448,268,XGenralMonster,213,153,4460
4448,268,XGenralMonster,213,196,4460
4448,268,XGenralMonster,179,135,4460
4448,268,XGenralMonster,180,175,4460
4448,268,XGenralMonster,178,214,4460
4448,268,XGenralMonster,145,195,4460
4448,268,XGenralMonster,146,153,4460
4448,268,XGenralMonster,213,153,4460
4448,268,XGenralMonster,213,196,4460